56171.72527  
72779.02453  
8288.456955  
1751.07661  
7273.132496  
8617.481177  
1908.587554  
1678.221288  
1794.979692  
3895.711263  
707.1927847  
1975.256329  
500.6958809  
653.0922679  
217.084959  
1996.188696  
21.06966532  
181.6352253  
772.9662037  
242.7304494  
355.93177  
46.94701329  
93.81781424  
71.63799073  
398.1602349  
482.5931724  
104.1446724  
41.40369863  
24.28121976  
142.5231042  
297.6845789  
359.2749219  
131.1008738  
86.31862583  
209.4560693  
115.9717305  
261.5942644  
100.9205508  
212.2935577  
96.67205382  
40.92899101  
49.7963299  
67.03065786  
71.6102393  
86.03176081  
246.9450003  
38.86480678  
165.6224793  
10.2695608  
25.42051221  
40.67378796  
65.9052127  
79.35683904  
10.669888  
98.33077265  
28.86459855  
24.13654877  
15.69762059  
31.26124945  
158.1195751  
63.24987643  
31.44211019  
42.67807473  
54.7450417  
14.59185059  
12.51223681  
22.80425573  
73.19032934  
214.8543917  
6.807184964  
20.60531752  
2.790524789  
4.088829817  
22.82537234  
70.99635594  
5.965519832  
29.41780685  
30.41284252  
56.19664241  
1.832022182  
39.27677639  
71.25378842  
6.070889499  
112.5990903  
9.340623438  
10.68389168  
61.89827667  
29.91453922  
42.32982543  
17.34854798  
2.645241269  
16.69629541  
2.924395382  
61.94383523  
42.90115314  
20.74608037  
31.12230129  
32.63321534  
1.714388955  
19.42170276  
42.52189867  
32.71449193  
6.518923725  
33.00787741  
19.30193888  
3.281998571  
11.04260292  
4.262027741  
50.17053346  
19.61940397  
16.70056123  
19.90542338  
42.53202165  
13.40985367  
19.91909222  
20.23831267  
32.20609893  
6.166776752  
15.24552615  
45.65703116  
7.037589856  
32.77392557  
26.24984931  
1.597487653  
12.60821921  
12.88763535  
20.33328513  
14.61308387  
9.192696556  
33.65014669  
19.53023274  
25.43178153  
0.7799048941  
17.99215596  
27.28565599  
13.96510007  
10.10710507  
2.526117852  
3.693961757  
13.36371745  
8.83200345  
10.42794968  
18.42985943  
25.56567481  
52.76552765  
0.8087475766  
0.3138655436  
1.967560531  
11.77822189  
6.297438374  
8.862718429  
19.4841813  
15.51518269  
8.596130364  
8.095194147  
24.33028607  
9.070596274  
17.72904327  
2.094680277  
2.947057934  
50.28731235  
16.77455775  
7.267129533  
4.239059205  
5.475895933  
0.05115396422  
14.40303994  
5.273826976  
5.70238247  
8.440499168  
17.23074606  
11.2517941  
1.802741098  
12.99629935  
19.79180781  
7.45176751  
1.208640888  
6.508641121  
3.282453931  
1.564132836  
5.571779714  
13.1738207  
9.0815411  
2.912298864  
0.7953564251  
6.795032348  
0.5496903096  
2.497891247  
10.98838994  
0.0479093841  
7.575096631  
8.714687733  
13.40214546  
9.640429119  
2.131322898  
8.617860812  
14.82824961  
9.561109335  
1.405520896  
12.12851451  
9.780829971  
7.701020507  
1.589849909  
22.06292395  
11.58665936  
7.670805313  
1.088864867  
33.38624497  
1.954717397  
4.628794125  
4.491037908  
6.037129021  
21.52260183  
0.1132270638  
13.44838399  
1.212799575  
1.087145536  
27.04433159  
38.83461812  
13.55250144  
1.91620681  
14.15441389  
28.92793631  
14.99370345  
29.13343064  
4.929328734  
32.92795526  
2.491280911  
8.774760472  
6.195798149  
10.52743409  
1.211753347  
14.78888868  
5.025464283  
24.43811906  
15.71377346  
0.163879719  
18.40489857  
5.246645981  
4.664141575  
23.93591897  
6.156892865  
5.270701124  
1.891372972  
2.270971261  
18.6067824  
3.57689352  
1.347452086  
21.02713741  
1.611618548  
1.332356647  
12.35764255  
2.247622532  
17.70515714  
1.907667517  
2.243813167  
3.210093095  
0.6385776368  
12.67880941  
4.102713769  
2.255727292  
18.64351573  
0.3000494528  
4.838085683  
11.76470469  
5.122801896  
6.180282053  
3.533268503  
3.360678918  
7.442711918  
0.05195613734  
5.396794526  
4.304186395  
12.51299071  
0.9790991692  
7.914679488  
2.622009957  
1.439693424  
6.492782277  
2.137872636  
4.568445796  
7.38103758  
0.2990268961  
11.15633118  
2.859568175  
4.3245796  
0.7683900033  
5.234002105  
2.960377875  
2.446501829  
13.29844163  
2.354174116  
3.729721912  
3.847638258  
2.949769082  
4.865454273  
1.246569727  
6.283770391  
8.773010022  
0.7864457662  
