21873.27256  
102374.0392  
8163.037504  
434.6903155  
684.3078558  
8837.867641  
2329.542807  
2641.260959  
3121.093629  
1888.389657  
324.6858099  
4.842353865  
432.1190716  
506.5020277  
303.8734728  
897.3267622  
833.5980748  
183.0602446  
218.256349  
788.2771502  
153.6774686  
289.2944387  
624.6271963  
347.5930614  
465.2585555  
267.3872872  
538.2614976  
30.97282908  
312.4517293  
50.51688973  
86.52843212  
225.8090595  
206.5726467  
353.8013473  
224.5793508  
321.3416945  
33.61674403  
24.21249997  
159.6285351  
119.2751575  
87.81611522  
66.35807668  
421.5256779  
152.7585727  
195.7466178  
168.7084614  
281.4688931  
598.9031756  
129.3392299  
10.862506  
537.954279  
268.3088848  
13.66564599  
151.9401475  
126.0626291  
324.7090747  
175.6079791  
112.09452  
158.6882382  
34.55570409  
50.92568386  
110.7227939  
161.5157182  
341.2221485  
319.7182608  
228.1155125  
372.5562434  
277.9764387  
22.91504638  
128.8119258  
4.317622955  
123.8499177  
48.95982011  
109.752128  
103.1261575  
693.8334209  
145.6128901  
11.77600592  
161.1562575  
3.24009098  
3.362429523  
21.58427814  
22.55651137  
93.06002364  
110.1762575  
97.60633928  
110.0524855  
80.28790273  
37.2203671  
110.1310143  
40.20350529  
52.63044178  
236.5963368  
33.75245326  
170.7808511  
168.4656485  
19.60922304  
60.48036234  
18.96188817  
31.29743425  
0.3767704592  
5.611290033  
12.70957851  
42.85747413  
10.94170958  
107.1324236  
2.26309379  
85.7645709  
66.26583897  
81.56986516  
34.94032954  
18.61825817  
23.86060209  
4.68424231  
42.030978  
12.9668679  
0.8484462688  
42.48371215  
206.0543811  
65.05824525  
12.41878225  
11.03158813  
2.020994978  
4.515995545  
57.54061698  
5.149702901  
12.2957037  
15.40521876  
17.26839892  
11.16083745  
5.665719364  
5.938948084  
1.721552324  
9.530658002  
59.50246869  
37.36442864  
11.7431291  
51.49090234  
8.373764898  
10.29545188  
31.46604183  
1.563155216  
6.715929298  
2.883732109  
8.348615783  
42.75000707  
3.063771821  
23.74418512  
2.990402836  
17.59068141  
12.29873934  
71.50491863  
30.36878741  
11.89835502  
35.6942781  
14.0690655  
7.570416385  
22.08618476  
16.62589485  
29.5715839  
32.04548326  
19.0677996  
45.09386312  
12.74678795  
26.01444964  
70.78070242  
100.3045435  
20.40054595  
20.76765383  
4.105889549  
70.18483406  
18.38618029  
8.40807391  
0.9725670904  
26.07324216  
3.421263377  
16.75380575  
74.42311062  
4.003624126  
15.70104839  
6.13723338  
29.56076228  
81.52714678  
88.50116858  
10.32494174  
21.26500912  
34.97346599  
50.19991591  
113.12339  
58.48345147  
63.65758915  
10.74366012  
62.2893179  
212.4811284  
19.48177868  
10.21704001  
0.5747637711  
45.96151613  
42.50910344  
143.8666025  
166.2744091  
82.94750282  
21.37799818  
122.696283  
68.22327325  
58.48560266  
14.19198996  
171.5336442  
155.3844241  
47.71814512  
62.12950174  
12.63955574  
104.2057344  
129.0852465  
163.032486  
39.2735646  
0.7831201448  
220.7357185  
14.55054158  
338.4645462  
99.40517515  
36.02018179  
98.43052709  
261.6696416  
160.2525737  
85.65627914  
4.54446502  
42.30600658  
9.291961803  
128.0119378  
278.0601213  
31.96076088  
385.9511346  
12.77500854  
0.6406702373  
47.24316809  
35.13178691  
36.23843262  
87.61030685  
68.68265746  
244.4677961  
45.4413469  
10.97041693  
130.2613071  
46.12096204  
117.2909267  
21.81786625  
106.817133  
40.75765455  
41.38872696  
74.05302336  
43.56832741  
55.30133717  
35.09450932  
56.23800902  
30.21109504  
19.23501656  
60.47646528  
60.99289613  
13.27162497  
10.84037063  
15.94106928  
17.17360339  
64.4264146  
28.26739696  
23.91182346  
14.72241498  
20.32779028  
20.19000052  
40.75179269  
22.05499607  
38.51024683  
20.25312579  
10.73569458  
42.83038189  
22.23483717  
37.12611261  
15.0829448  
29.9520236  
0.3467616101  
1.489640271  
20.36316179  
28.49863939  
20.04464068  
8.152833198  
67.11459191  
19.01864905  
29.14662509  
15.75034266  
2.392454838  
3.495668468  
21.6649306  
64.5605284  
26.97823972  
11.66188724  
27.02956753  
0.5604787417  
30.88892068  
10.29555994  
1.126929776  
