60446.7081  
51694.28092  
5750.214657  
12491.46083  
102.238164  
10509.28395  
2569.968812  
2870.745827  
906.9758461  
1532.933416  
2436.226814  
325.7721097  
626.7203831  
46.82864645  
827.7672995  
1704.994177  
380.5658452  
92.4149178  
458.6804382  
862.0062276  
646.8449347  
89.72917359  
125.8707482  
57.44667272  
1010.691655  
377.2705371  
171.1215875  
471.1741981  
7.209423085  
261.7891615  
200.6044107  
647.9750878  
533.4587887  
321.3890408  
0.6544878373  
98.31134061  
688.6401432  
101.1959103  
73.51383395  
59.7521783  
619.2654515  
91.70111065  
191.4660368  
106.9037565  
214.9488551  
221.4401092  
423.9949056  
958.9704678  
62.87408033  
10.50174644  
78.07282517  
369.5126966  
100.6949201  
490.4944744  
43.08696077  
155.1973716  
228.2427744  
92.64048811  
94.78992773  
221.7434778  
14.7564009  
54.18285047  
29.59360638  
137.792702  
229.1615193  
138.1240442  
148.3230963  
148.0945584  
314.0600382  
97.34864837  
157.2600017  
207.8146394  
22.73242953  
510.7080634  
9.985434622  
145.0537782  
256.5718475  
774.4721324  
142.934563  
34.33123733  
143.7411676  
22.51117293  
38.05406118  
151.1143842  
147.2961685  
519.6541129  
42.54272183  
93.47533424  
53.77652542  
64.0431166  
41.50929616  
40.87833849  
10.83426366  
18.03525704  
262.3142444  
51.98682929  
7.682674373  
78.55731855  
7.968198032  
170.5324773  
12.16860314  
94.93996838  
26.30715921  
64.71744473  
1.761661938  
16.08709688  
59.86693487  
68.63597997  
3.452507205  
15.72870049  
10.01549945  
0.4338188888  
61.96032919  
3.035629029  
33.83996512  
84.52336702  
157.7992757  
59.09318541  
66.330678  
278.9423167  
27.27038774  
270.8929668  
46.76426727  
113.3875412  
239.7017392  
15.64528039  
43.89018776  
85.46135479  
4.381846274  
42.48745947  
23.7645919  
8.257531256  
8.349961231  
54.60849866  
15.08624255  
0.1417731891  
26.55200352  
8.192948265  
19.16457944  
16.56921525  
56.08277  
36.87565913  
21.63908913  
54.58502703  
2.830549981  
28.356469  
65.28055468  
25.44021826  
13.00707135  
22.80437283  
3.230485412  
84.39695668  
6.634496724  
4.299763674  
91.86706302  
7.140199981  
27.74722584  
52.21063904  
17.5439147  
21.76180074  
128.3119076  
4.627347495  
67.10033924  
30.57899843  
12.33577272  
18.24447406  
28.119855  
63.68624969  
10.73699876  
1.675754257  
75.19314465  
60.87791468  
2.951553432  
39.42163309  
3.224154823  
32.3828411  
6.383371843  
4.343756618  
30.03315584  
18.02626579  
17.40395437  
41.23594095  
18.73369922  
9.041622341  
26.93501385  
60.77416408  
27.07877862  
0.0240086582  
18.60271511  
10.42243197  
43.52326167  
26.10784608  
5.19083078  
84.80845907  
35.55050378  
58.33548269  
166.9906821  
8.229878325  
103.3589683  
43.20455518  
2.157111933  
50.4868931  
20.82021186  
13.7606979  
80.4152421  
38.95387553  
1.118430668  
4.132823549  
22.10529587  
29.49478742  
48.64990257  
16.06839532  
94.82020399  
0.5954781704  
57.41593385  
36.47254161  
32.17073412  
116.8003754  
3.468182639  
4.211690855  
3.168885703  
69.76553245  
101.8721091  
71.42855059  
10.21203684  
41.69223523  
26.32111935  
60.89865395  
51.59931767  
27.69888972  
24.24838856  
14.68792667  
70.93283986  
106.9418425  
74.32601377  
46.68228712  
1.131256939  
6.47462404  
7.734614474  
63.94748354  
47.55521953  
2.923134775  
34.39188277  
43.35845551  
51.73827146  
0.349279276  
3.934991722  
36.72097646  
3.066281039  
16.87557629  
4.474151028  
63.89062628  
7.181617547  
22.1093488  
47.70835641  
8.53834276  
1.034144399  
25.86152673  
10.88260008  
13.39755822  
3.601917693  
2.052877106  
4.566009669  
9.331192262  
20.3459729  
16.38134245  
34.57015096  
28.4424007  
32.95421359  
59.42466456  
20.9573445  
17.03242247  
6.97684889  
59.18044419  
18.97839141  
24.22466464  
5.616010031  
32.71249776  
2.074328125  
11.34533247  
10.0327726  
15.42297415  
26.51893177  
46.3779371  
17.55299784  
36.43655408  
0.8323971153  
30.9000998  
9.822695922  
0.1185961971  
38.46969207  
32.57777916  
21.94537404  
3.164908523  
3.122578716  
32.85541354  
7.140056589  
9.501112591  
68.95669671  
0.1402884083  
