77564.68057  
8937.002899  
4159.494737  
16454.90706  
16286.47084  
12444.56953  
2506.956838  
4368.633105  
1778.782963  
4064.471298  
899.3166895  
1201.956549  
278.947851  
2710.698313  
222.0100218  
1485.939577  
1822.641546  
1527.953144  
504.7272031  
614.396205  
1981.843549  
223.6790514  
123.0907622  
480.6910623  
235.8412929  
524.6369855  
155.6375784  
179.3859774  
543.3582079  
148.1891204  
598.0994855  
259.802203  
352.7542237  
647.6929421  
304.6767812  
511.0068124  
606.5799014  
460.3463103  
78.50697445  
33.71141704  
105.7408096  
101.8567004  
237.7051327  
84.34611829  
44.62783303  
444.8789314  
87.65056175  
77.55396594  
111.4091587  
140.9572302  
155.7435571  
55.82765266  
199.8807998  
134.5254652  
113.2965362  
35.6043692  
260.8504161  
4.274292714  
206.8581622  
29.72923201  
525.6174327  
83.56967275  
505.709899  
2.682312069  
71.40861248  
107.1523584  
129.3061467  
12.68840498  
61.37477698  
55.7196871  
134.8384347  
17.36640012  
34.45516033  
202.8358067  
51.41258901  
190.8906432  
166.044291  
264.398768  
105.7813335  
29.64521581  
63.24118193  
162.9440901  
12.22011702  
57.0882454  
168.6367035  
112.0972273  
1.115470527  
8.658244119  
22.51832879  
139.5937841  
9.40554333  
20.13058892  
8.868750721  
22.11697169  
126.2614215  
49.97399354  
17.00136466  
174.718518  
132.7118981  
7.371627653  
79.82338056  
18.51243327  
24.73251468  
3.170498659  
6.683897843  
8.227766847  
25.27291835  
31.68614497  
2.458783083  
77.25464307  
71.81055399  
2.970253848  
52.69332937  
29.12008782  
48.22796505  
18.73481438  
6.843552013  
129.9277834  
30.59992056  
30.08312664  
20.74520044  
73.16153255  
14.84430602  
68.83596247  
1.399991836  
27.82133173  
10.00087338  
16.86917659  
20.05562164  
13.65196556  
3.440816918  
0.4834614028  
24.32840835  
7.788986463  
9.749484469  
0.8210417674  
23.69021139  
26.6783251  
43.70062062  
30.73895441  
8.462969827  
18.66272785  
24.00670313  
65.73491987  
17.15588531  
36.08527405  
3.71528058  
1.637498606  
49.07667358  
19.85197991  
7.597244504  
2.566284091  
6.951642445  
85.57198076  
2.205486425  
4.128855585  
12.18119609  
3.96949362  
8.932534997  
35.21685158  
5.655014483  
43.26884894  
11.81965916  
34.57740375  
25.94455647  
51.32618844  
3.560826524  
1.65375743  
21.7876404  
50.99230679  
20.58859874  
22.19287699  
15.78795036  
1.193175611  
13.76319124  
63.3317251  
3.535975331  
1.6714751  
0.9768308019  
21.41523274  
19.35677294  
21.3557123  
4.151578623  
3.900923677  
48.57868718  
5.04026136  
34.4515128  
34.93035937  
2.660708498  
81.09560822  
15.01112662  
23.02110449  
6.961483052  
3.228754515  
41.69604378  
9.490993149  
29.8602615  
10.84191144  
33.3226886  
65.3368433  
56.29460556  
5.119029632  
1.984355801  
11.49895722  
128.047028  
35.93482652  
101.0715623  
39.19522723  
16.03161358  
17.63737505  
4.776052259  
25.18088389  
8.587558411  
2.054212799  
42.55028102  
24.09094668  
26.2891098  
12.98295444  
84.57529359  
26.10102133  
21.38074338  
42.26358526  
19.00595005  
142.9948724  
11.84676814  
94.33666388  
36.29978188  
1.722536323  
18.07112973  
22.86145434  
74.97355812  
30.39769119  
105.8055529  
105.3067773  
111.0986452  
23.27440881  
51.61188398  
48.07991748  
8.688475647  
8.296337096  
21.03348388  
94.40850841  
64.90201859  
16.74471665  
25.7099847  
4.153163763  
16.49363675  
13.46971161  
5.604574551  
8.671794664  
19.8713153  
3.105515749  
37.18810273  
6.584212681  
73.22157016  
4.939299577  
53.72511853  
7.769728542  
7.376391049  
48.48882365  
20.58263581  
2.531308472  
39.40063437  
55.01479655  
0.7614528779  
5.985181465  
11.71074297  
2.123708762  
16.72283828  
5.196406083  
11.85766353  
15.2682956  
1.217639094  
0.1551200901  
1.245018785  
6.54950204  
3.283052807  
4.338884772  
11.7661411  
1.233483178  
2.42790207  
17.20317203  
7.772604571  
19.97063098  
0.5845887526  
10.59019728  
1.808983698  
3.344888268  
1.578060766  
17.46373621  
1.989599653  
3.142428199  
7.612335299  
2.927265024  
27.44738115  
4.084378422  
17.58690674  
3.238620279  
2.256739638  
1.157116174  
