94526.89652  
37660.16899  
4290.878277  
25.80580001  
903.8001113  
6047.564196  
360.2506817  
1073.446456  
1878.897312  
2952.727306  
549.8060522  
206.8481664  
14.63731247  
590.7286718  
301.9332769  
1538.461043  
1353.090464  
190.9217284  
2892.174149  
331.236774  
231.0687847  
432.4282598  
244.0201553  
527.1292643  
682.1125192  
805.1388958  
145.0211777  
40.63082038  
580.6561792  
8.337310136  
83.51450631  
982.2848366  
396.9629698  
593.8247992  
71.94008911  
65.84588409  
537.6938287  
134.2553229  
186.928887  
128.880551  
312.5912564  
109.1016955  
325.9676684  
270.7964461  
222.8997394  
37.14973549  
22.43447838  
37.93841529  
341.6917048  
83.26305007  
228.1865868  
23.64484734  
0.6063933378  
740.6350864  
69.15326827  
156.1196979  
625.2544568  
275.1159405  
62.66702622  
54.93269078  
66.33618598  
732.7477562  
322.592485  
96.5813117  
375.3793185  
402.3053167  
10.01477136  
8.01498475  
532.3187218  
184.1708193  
21.1451132  
11.82317344  
75.53096421  
10.33241474  
23.89159546  
105.3028412  
54.50060428  
117.5627477  
7.203550019  
65.11748455  
13.6581602  
7.598207619  
4.463690517  
1.267875022  
41.34389868  
87.25762289  
14.64794753  
111.0273592  
58.47343286  
20.78615336  
99.34569018  
18.88336957  
10.98590314  
46.18110321  
392.2140993  
11.65464968  
14.5238629  
77.117179  
78.37252443  
71.32778425  
32.64765688  
20.52993884  
40.34554977  
30.53142709  
75.84420166  
96.73114262  
9.459449591  
119.0769146  
2.046359496  
17.36240626  
20.32751401  
61.6518625  
12.76162894  
44.5266222  
42.75469596  
28.5913491  
23.22709442  
8.139327525  
13.38168521  
147.9665489  
15.13099309  
92.12767897  
9.542088239  
90.76470174  
8.338381093  
52.0440192  
21.57715983  
35.52000781  
58.75129729  
41.52085707  
26.32662489  
27.38585107  
16.88648661  
68.14051132  
36.78734037  
23.25157836  
29.47624954  
55.4196044  
16.08795768  
20.34100092  
63.66304397  
21.14210461  
18.31739655  
6.32127313  
12.72156464  
63.14489045  
44.85739471  
26.46090091  
1.764177567  
18.94090754  
4.750765358  
28.52854316  
5.187153673  
54.65580375  
27.33666504  
3.214972636  
0.1279341473  
1.408856177  
19.68108027  
9.340303774  
45.76204342  
21.21736618  
41.06698927  
20.42314316  
3.641090964  
19.03999921  
33.01374046  
41.46859434  
17.37388582  
12.36047621  
29.30450404  
22.28485279  
53.9643806  
2.968844939  
34.24984857  
7.620269018  
86.67100564  
35.21992873  
14.02720549  
24.4533941  
46.39504184  
0.8098680671  
111.8798497  
23.76495716  
12.70010133  
14.36088405  
16.42410459  
1.961916947  
25.60311739  
25.99159811  
19.51168629  
16.15038341  
11.53372255  
61.44320673  
9.121780015  
6.859100158  
2.229282664  
49.70024652  
95.5831234  
36.74711773  
42.65219195  
84.05548224  
74.01838117  
45.3264777  
42.50807969  
5.83625625  
11.41610815  
8.329013414  
16.82723897  
9.543104964  
72.89879487  
14.58456456  
19.39590684  
1.065726071  
30.16371068  
113.5320274  
30.15727446  
107.0040609  
137.3926698  
54.42500346  
6.483450354  
49.42354011  
33.31248109  
84.98063706  
171.2551121  
24.65936786  
54.59543426  
90.02761061  
100.4737613  
6.93855455  
65.43235361  
22.79537355  
152.1763392  
132.5453163  
22.75350889  
86.16819813  
32.68772241  
2.407765797  
37.43772355  
0.9313631518  
70.33841514  
7.315384428  
20.72044623  
14.73022588  
27.95183777  
5.054576021  
40.00724524  
55.45100858  
25.96311242  
14.00615349  
24.66699625  
19.01955195  
69.91793216  
45.26713764  
246.1256801  
36.05096672  
29.39342716  
47.9716869  
21.76023792  
11.63455411  
4.796316621  
73.3600437  
17.00354179  
4.864328294  
50.70469609  
23.16294908  
8.480499316  
50.40939007  
2.961207463  
7.058254426  
60.47873518  
8.058967533  
11.27896297  
17.69138649  
2.00714655  
16.10096703  
17.85637437  
2.854771962  
1.94929045  
51.07663862  
16.23785755  
26.83475683  
4.928952676  
98.31156812  
1.169601828  
5.918317129  
95.92271708  
31.67672653  
25.24184647  
20.05396716  
32.42901674  
2.098207066  
3.735310657  
29.61426315  
37.95757403  
4.609727941  
28.62838168  
8.446824589  
9.125949736  
0.09271694301  
