75043.91511  
35615.68509  
10957.97509  
4013.478993  
3817.374555  
8730.090204  
1546.822688  
943.9930452  
2197.485875  
1960.070701  
884.6005216  
169.7335425  
70.40088572  
1669.894383  
2041.040173  
1142.092892  
1750.011197  
190.9128017  
1384.401459  
3589.573571  
35.16064024  
649.7713645  
548.5644229  
472.5212893  
318.7782777  
531.7086821  
36.6009187  
1288.717189  
574.1028321  
209.6298128  
1109.796333  
309.3201358  
544.715026  
418.1125883  
27.6535894  
75.62712495  
231.1969391  
246.9649495  
23.49390945  
614.9726292  
26.31279205  
508.9152649  
1245.889321  
23.23314646  
19.61624472  
374.3200508  
98.33930508  
221.3926244  
1154.439222  
269.1230739  
86.46777255  
217.871369  
33.97781264  
421.0874371  
69.09865097  
240.2543639  
303.6633139  
37.62407513  
104.0945959  
210.7405406  
265.8608077  
373.5587526  
118.7773912  
317.3762716  
100.863192  
121.2390788  
12.72078625  
16.32356288  
6.630733901  
115.7257926  
65.06032538  
6.977272416  
493.353244  
178.5880081  
43.2420627  
37.67615646  
63.45676033  
46.53978386  
176.175825  
29.70959247  
112.5055228  
188.2179216  
103.0120476  
34.56278774  
17.91085743  
191.3055397  
102.0571947  
6.784740147  
9.59693704  
18.62275537  
102.4890178  
37.10290201  
0.9019654647  
57.39714112  
10.51243714  
47.37210841  
7.266076079  
129.7280058  
28.16720437  
26.83606126  
116.4332266  
34.48142305  
3.381325588  
12.95270634  
10.97606734  
1.761606647  
48.12161628  
31.6151287  
11.771686  
4.195780176  
32.0011928  
11.03568538  
42.0487936  
48.754175  
36.70586901  
44.93041943  
1.772302253  
38.3222729  
26.86843044  
46.83961002  
20.30235556  
9.110536963  
0.4407611692  
26.40423847  
80.621718  
43.006597  
17.53812433  
100.5755148  
9.513446467  
35.08716417  
5.362395428  
66.43155323  
2.678699474  
13.18235689  
6.805190751  
5.874114242  
29.35057761  
7.048111974  
24.92517977  
3.767227438  
40.81386145  
24.85667034  
26.35720125  
7.97658444  
22.35923111  
39.24269417  
9.068575422  
6.708594562  
29.79652894  
33.46113036  
28.69822979  
27.65263872  
1.245249705  
46.89048166  
10.22944677  
9.909673285  
1.115787521  
17.48827688  
32.78026797  
24.06468043  
2.665535287  
3.304307485  
40.45783687  
13.22118954  
17.03574037  
25.42418919  
1.577198639  
42.50827274  
12.71106283  
14.20792107  
8.397579585  
5.955795642  
33.78080027  
10.20492873  
4.208239248  
24.67591575  
12.16791211  
15.42174325  
4.225763079  
46.09038522  
37.42643252  
24.49891202  
34.0431872  
16.2229694  
21.22822087  
7.668046909  
7.23835664  
3.265439183  
7.390955146  
44.27196889  
21.28947178  
42.17325608  
47.00835818  
15.83991175  
11.39139453  
13.44836599  
6.319158114  
5.027252555  
38.76814178  
22.56376685  
5.158051099  
27.83477836  
33.30063432  
44.14761184  
32.05684278  
42.53223892  
39.92260087  
30.50790628  
15.80131074  
28.71338472  
7.091068246  
6.686790088  
20.22925  
2.064283943  
24.79299792  
0.9175978352  
6.151098571  
18.48508796  
35.93908859  
88.2874486  
7.037578194  
103.3959669  
39.38922435  
20.74607498  
76.71674464  
0.4457727328  
21.71184056  
44.81444613  
91.13260921  
7.666480126  
60.97817373  
65.13072642  
57.23084823  
46.56667233  
7.859579748  
33.32255405  
5.080433742  
20.71200286  
21.57083413  
12.52148286  
45.14670024  
21.10112891  
42.80402942  
8.916977531  
59.54066844  
8.204652151  
19.4128684  
10.99113503  
1.661778529  
28.15400885  
17.99884477  
23.96631739  
19.08930748  
43.19739538  
21.70807053  
12.24510198  
9.059788225  
16.24305769  
2.908211575  
7.436666339  
4.171658186  
20.43535193  
27.67621876  
9.350051465  
7.171742539  
3.789501706  
24.36198041  
4.427195909  
5.540617616  
18.90373726  
7.693725775  
30.09586937  
4.431269421  
0.2240166728  
14.10340063  
42.32698909  
35.79051199  
12.50870123  
2.545468281  
6.64444141  
9.408231884  
25.33529163  
1.460265081  
3.200799391  
8.950476973  
1.666008023  
23.76636445  
1.784618557  
3.938123437  
34.68627051  
18.94766876  
1.9649403  
31.70585476  
16.60851817  
31.18408803  
0.4883759847  
11.43352777  
19.01357985  
3.032145447  
0.2633421286  
