54163.04409  
30540.30677  
9197.182824  
2756.630647  
6688.229846  
5498.910845  
2529.79944  
4097.958488  
2375.369967  
1086.387203  
1029.694082  
89.24467411  
1546.0374  
172.3191921  
62.59263543  
261.9419975  
3810.622548  
748.1871705  
1614.471605  
4894.863866  
3329.012659  
1298.362897  
3622.275627  
713.4254435  
560.2552436  
1450.843806  
2725.231981  
1095.468704  
2365.328675  
691.4591801  
251.0015349  
1263.515364  
2483.995911  
105.5250121  
75.78614907  
77.33628824  
453.2331847  
138.0724752  
1442.252496  
473.325703  
529.4019459  
934.4194267  
4969.5644  
596.8178997  
452.2045794  
316.0153366  
94.70520834  
477.8745652  
314.2615096  
33.51590007  
342.5377334  
269.0683059  
401.7372173  
617.9647567  
9.11824752  
32.57547912  
252.581418  
301.291669  
396.6985831  
91.32733176  
9.978054304  
675.9537645  
321.5703387  
637.0380564  
339.0754616  
620.965636  
160.1017368  
1.952645843  
420.455066  
235.5969456  
226.8629674  
73.66568962  
244.1008054  
276.2346904  
246.8302895  
337.6699493  
255.4061613  
15.22357201  
123.2429953  
35.74672498  
283.3002669  
9.801260141  
45.75602637  
212.9710824  
56.11031012  
42.58187051  
24.02054153  
238.0749955  
69.54356636  
5.889439335  
12.63641441  
88.97292871  
121.3019256  
95.42706784  
167.441303  
25.91178214  
63.70493185  
148.2346589  
22.20118869  
24.70355406  
61.91052051  
31.81737145  
95.37935403  
1.273362984  
8.340680868  
53.32221749  
79.90210463  
6.715960735  
3.171236037  
13.27811738  
35.60966539  
9.622562937  
4.129502131  
7.488417349  
19.01445356  
22.59731744  
54.52986422  
4.279236974  
0.650289708  
41.8502467  
44.30165443  
11.43695228  
9.65781119  
2.488220407  
68.65170627  
2.14775549  
1.857754269  
62.53390321  
3.411316735  
50.53230958  
22.45365676  
37.47485677  
2.433814428  
22.02538405  
6.050172887  
1.893255136  
35.48888365  
7.282990879  
24.04638551  
4.459474136  
11.07672776  
23.37164391  
10.37567714  
24.60065776  
6.63503764  
30.63385582  
20.75499317  
7.676090724  
8.465930662  
34.70421388  
23.58430843  
30.21428927  
1.749279786  
10.92333672  
24.36422265  
7.839310885  
7.934196453  
36.30691048  
41.09611887  
1.809394807  
23.52422788  
49.54578064  
69.3756776  
31.10455345  
14.23619672  
6.91981689  
1.309627341  
12.12007004  
2.774039463  
4.964389227  
20.16057456  
37.02172237  
22.27141414  
0.3111235436  
4.17020639  
23.15190348  
9.951366569  
6.654774169  
5.207844799  
38.46517067  
27.14264547  
11.43498999  
72.48962985  
6.890699071  
15.93007113  
42.98505546  
5.809378718  
7.783126771  
30.78328553  
48.87053074  
12.15662273  
2.774349911  
33.27297778  
45.24017845  
0.7016443662  
5.552098175  
16.85150933  
4.550107187  
8.206494269  
26.27561847  
10.59855347  
16.07181617  
13.46088946  
55.78678947  
2.217261336  
0.4544729794  
7.575151492  
23.34966175  
5.412860399  
21.23105903  
2.053768997  
4.028921917  
9.847239019  
1.671992713  
20.55913628  
1.651183677  
19.14093212  
22.14172767  
76.76954068  
97.03463105  
29.26791312  
57.00703438  
20.94625762  
10.48917674  
55.67932996  
1.066479965  
2.257205339  
57.1160439  
61.13043431  
46.62701125  
34.45882844  
8.022221854  
80.61275951  
7.616391598  
8.933592639  
5.555974913  
1.520150436  
12.22907493  
5.428897061  
3.381498943  
19.27218296  
38.1257974  
16.50772215  
31.26919916  
7.368212879  
16.17999077  
5.338864645  
6.34863154  
14.08671963  
11.49755422  
19.24546475  
42.07383629  
18.5393774  
29.55183302  
41.0348272  
3.950365481  
3.102185574  
46.55205722  
7.831731464  
1.397520971  
1.877122572  
33.75181145  
5.35595582  
14.09538387  
1.769452471  
6.21741691  
3.969105088  
6.916908985  
2.061483113  
1.109969735  
1.924666771  
12.51078824  
1.848039765  
2.551299722  
10.3479616  
9.383819495  
12.25611811  
15.20639733  
0.4284272121  
10.45684052  
5.208265111  
24.60419526  
4.88938517  
7.696788397  
0.847616569  
0.09814258426  
44.8272594  
1.543417842  
3.048087837  
16.24070879  
7.975396777  
3.735054469  
19.09721064  
12.95420313  
8.072422234  
1.055942925  
0.3127197162  
2.025811876  
3.736815711  
0.6068226135  
