57040.02443  
60754.51208  
2906.851444  
4646.028051  
283.8657484  
7225.809156  
750.244008  
5695.436807  
3406.126177  
2118.070826  
744.5743651  
3136.709714  
192.9094434  
732.4567223  
17.24159499  
1667.941947  
3254.584901  
558.9080361  
979.5282693  
324.37751  
351.6152124  
18.09025989  
862.3772098  
258.4173426  
170.6554678  
1296.93728  
759.052493  
94.20792512  
314.0920884  
406.5254594  
173.0116392  
434.7924548  
253.4919565  
160.5001311  
572.03373  
27.8162054  
126.100371  
17.39988474  
375.4857202  
185.8604075  
118.1360042  
433.4127903  
600.7908929  
354.0338175  
5.010019192  
59.18468904  
611.0079817  
19.35189293  
596.7590972  
198.6096857  
137.1535041  
299.5723625  
269.825457  
742.461755  
675.2510928  
197.8911032  
705.9803193  
195.3427305  
747.4815039  
326.9147438  
75.45728677  
151.4501874  
86.25793267  
37.48463619  
4.393242294  
44.61927134  
94.83830327  
0.2253918246  
79.96485237  
209.3658721  
35.72408635  
29.5873093  
150.7605402  
56.03298084  
11.79087293  
69.39237199  
36.60848997  
61.90327454  
43.88783893  
6.545585588  
51.04757608  
37.11587899  
26.26720264  
15.67379979  
57.58835686  
7.818040078  
10.99520653  
36.03654515  
51.19147568  
7.368012659  
13.27361121  
37.19458145  
8.076328713  
36.3477558  
19.67867236  
51.90088502  
13.49989275  
18.40198093  
49.54694058  
107.4059289  
176.2581672  
3.140463402  
21.55696986  
86.84748627  
1.569437276  
44.23117961  
54.47426351  
4.160909841  
7.091121974  
16.98471526  
13.01809412  
110.1318727  
15.44811243  
13.69037185  
4.170847696  
20.01024921  
82.18932442  
73.62073236  
57.77589012  
19.04367239  
63.70094309  
66.17660426  
14.79164258  
33.27080913  
6.148768983  
8.564508489  
5.566493622  
5.106357333  
7.868740804  
20.97624682  
19.4419284  
9.538262604  
49.06812377  
11.49730255  
7.578869835  
24.67025027  
48.6990755  
12.13918285  
58.10067491  
44.75879149  
25.08644961  
35.05059058  
14.61051409  
40.47677067  
18.96523738  
35.32488997  
0.2522372922  
5.90508336  
29.35920992  
35.06047608  
25.65377787  
9.122136916  
22.36600231  
13.95204986  
47.53478559  
34.15344858  
5.544712962  
45.55603852  
19.64110824  
5.518197553  
47.03615368  
2.310800806  
0.2341154297  
6.509677378  
97.72811121  
10.22363139  
0.4312455237  
14.62684752  
22.28726629  
23.26406048  
23.13086436  
28.45407597  
18.45638125  
13.61778033  
16.9304501  
29.09647488  
50.61603486  
4.370802432  
6.469751204  
29.60679813  
67.33019835  
29.59982192  
7.875770371  
35.40981042  
28.41049456  
3.535089941  
26.44293643  
34.27288429  
25.16557222  
25.91771881  
4.360760749  
10.66276574  
23.6550387  
2.412735554  
28.12915171  
5.044382319  
36.96512989  
1.737176717  
31.97410326  
75.42001697  
189.04088  
26.7577596  
32.53697166  
306.5282418  
146.8232048  
97.43539783  
16.97748806  
96.93666088  
33.14107762  
36.725417  
8.017550241  
27.95602759  
12.60352235  
187.9811117  
10.60728886  
59.28529067  
48.14929376  
256.2946144  
43.82433322  
31.50600745  
126.0659495  
15.94932746  
16.7660649  
126.7026511  
45.19618543  
93.85577143  
45.20064556  
77.7746476  
61.62428981  
1.645587636  
170.9596695  
11.69220923  
115.0141418  
40.33707235  
61.58949937  
30.53833654  
28.64397231  
2.692389759  
217.4713791  
10.25194483  
8.179309379  
93.18222277  
2.646794761  
52.98325397  
42.16096909  
2.347175101  
77.52255558  
35.7007252  
28.65378187  
14.0606148  
119.9857393  
122.6032289  
57.09852137  
10.7504182  
4.126123424  
5.334336597  
13.31933986  
4.39213858  
16.78814772  
23.87870635  
3.117457805  
59.28928732  
4.909424509  
12.87583315  
29.50189545  
5.329284348  
30.71729084  
30.84040796  
52.28359759  
126.4268155  
13.47482443  
2.075579039  
26.75607995  
66.41761429  
23.60824281  
0.0779568237  
12.05839988  
58.51914267  
30.75318101  
11.65489148  
12.39200204  
13.19626548  
14.11618111  
30.69039365  
28.21706673  
3.50767716  
6.855812414  
15.32415373  
4.612328494  
44.68186958  
0.1171972491  
15.03683473  
25.59047113  
45.27384686  
26.54665411  
1.267100867  
3.774636836  
9.89907022  
55.83419923  
88.152175  
