25538.36145  
68608.23237  
20212.77962  
1511.30702  
1927.49406  
5548.827689  
1585.733193  
727.0971498  
4721.284756  
117.9825888  
4961.11549  
701.6334799  
231.4892801  
384.2504984  
2731.705029  
3635.404496  
378.3278016  
294.3713206  
864.5311645  
640.9295773  
1973.055718  
212.7628811  
148.187178  
25.5446121  
2650.98521  
2375.473465  
71.36429382  
268.0360264  
113.2720488  
448.6760454  
3.362613362  
132.2693273  
274.1727422  
237.4306777  
158.4731982  
180.0732873  
576.1564472  
2.310946458  
317.1935714  
21.97536428  
66.88011737  
28.96810445  
23.0930258  
770.1313574  
428.2122858  
338.7532252  
179.1875063  
547.1431919  
140.1603457  
27.22452385  
21.74193208  
817.432391  
210.4111921  
326.684794  
62.78656862  
315.9388949  
173.9110121  
140.4991646  
42.04134098  
280.2061127  
137.0227894  
152.5028724  
535.0167448  
134.8602678  
116.8229229  
130.1143859  
558.849142  
131.219943  
217.6043926  
70.29641013  
215.2673463  
166.4016589  
11.83547089  
328.2575532  
70.03844301  
71.39906492  
285.0640207  
823.5332922  
77.85306324  
137.3539684  
107.7258426  
0.6426064091  
178.8365092  
49.93836347  
676.8592431  
331.5027947  
12.46812079  
41.69419114  
45.04669172  
34.52210139  
6.969703476  
60.45891501  
2.174211793  
85.81467766  
103.5398512  
5.160612143  
204.4346573  
14.34250476  
109.1640124  
84.95584146  
34.76335629  
35.99406812  
11.42812183  
146.2664758  
22.92861154  
70.51594241  
85.82494775  
59.5594146  
101.9550809  
0.2740696634  
27.80737456  
62.41112704  
44.07855624  
60.56253039  
45.29288055  
25.54623025  
129.5919778  
22.33325916  
141.0843054  
161.4808738  
48.15970501  
105.6523317  
100.938321  
132.4409036  
122.7003358  
22.06028399  
42.69315848  
73.50633207  
4.142740428  
24.59877013  
9.075950448  
27.25100899  
171.0276324  
278.3167366  
10.11785386  
48.92988245  
55.65129367  
26.66968286  
16.53494182  
2.138836406  
18.34628802  
9.616186654  
162.5720306  
24.20760073  
72.88557469  
3.668036501  
96.25023844  
1.881629183  
2.855461236  
23.46250417  
71.38147407  
94.17929299  
8.146872772  
34.76888195  
92.2293329  
8.3414067  
17.55162805  
13.10037268  
10.18341066  
71.86200128  
43.39276313  
81.72770952  
45.02527904  
138.518307  
37.59042749  
103.0894561  
21.240213  
101.1011632  
30.12162579  
54.29503806  
19.88551343  
130.9894164  
48.54150702  
52.97005674  
24.73284876  
25.53810964  
8.63959611  
29.80591194  
22.09610651  
40.10059225  
29.11258502  
7.233428916  
1.276859655  
9.130238898  
42.61307366  
33.2373675  
67.84926338  
3.004948795  
103.1290915  
6.948833544  
146.9879489  
90.74264429  
50.98450692  
107.3808582  
49.00423129  
9.045470576  
198.8863042  
130.9516096  
116.9074759  
208.7489404  
58.96524736  
122.5989325  
63.68008436  
142.6332175  
30.89558006  
133.2286349  
24.47590541  
6.399569234  
98.46232744  
195.9673885  
55.77051238  
66.34627957  
121.2163382  
22.55656515  
258.457  
32.08590406  
58.99166228  
269.13498  
156.0213018  
422.2030116  
29.35712208  
55.41380557  
409.9817675  
142.2272755  
181.4626378  
0.8068530055  
23.58857302  
20.23687562  
141.2796189  
166.9752924  
65.59861005  
61.51074991  
295.167122  
6.456256913  
2.140365766  
12.43569182  
44.54634264  
9.459269547  
35.42157709  
103.8526576  
248.2065082  
182.8536768  
91.75408298  
3.672093023  
163.3058855  
0.4861275982  
30.02820316  
120.0363962  
29.65282281  
20.4946641  
22.51367863  
69.13996757  
75.00499809  
129.8728792  
190.0816796  
26.19567524  
50.96103217  
101.4820494  
61.28229429  
15.9538093  
14.06940885  
47.58357862  
40.83154618  
9.23267228  
38.93155911  
25.40531753  
15.47193862  
21.58244817  
25.28465202  
34.63120894  
55.78247525  
32.72467251  
36.73708065  
237.8448987  
91.71316031  
8.338810741  
46.36743141  
2.097147539  
7.809688762  
20.13317195  
13.13956957  
0.1542323907  
14.22780968  
60.6482597  
26.21662246  
68.70930249  
44.68349011  
34.97381875  
29.42241003  
33.45205802  
57.90116817  
2.967049963  
16.94223667  
16.71829059  
3.788872363  
1.178114005  
59.81854164  
2.329577307  
6.692323466  
14.9930605  
