87702.3721  
9197.986466  
11872.91812  
13683.71302  
1137.687452  
4112.866617  
1815.906178  
2231.671433  
254.6334788  
2394.62932  
258.116618  
1374.882095  
324.5099679  
830.5730791  
2058.835188  
1443.375959  
1722.1376  
3514.161368  
586.3151018  
2177.836746  
644.0589269  
61.31982515  
1061.818971  
1260.230995  
371.7413496  
35.75022003  
179.6473964  
1656.566597  
3391.657622  
436.56137  
1180.828796  
1717.656542  
1220.938599  
261.1215583  
202.102851  
44.22700471  
1011.576515  
732.3911578  
640.1135744  
335.1879978  
778.40978  
121.960761  
2270.686891  
810.1004955  
149.0377204  
311.9360161  
435.4235265  
261.2491712  
138.3448478  
353.020546  
395.3845962  
550.4498016  
209.7752132  
114.604108  
70.0726567  
48.14507906  
6.915462663  
227.9940295  
348.1550997  
457.576846  
97.31572297  
26.03563022  
9.324995996  
60.00620026  
5.080400921  
4.571739238  
332.6593042  
85.48162745  
63.13568594  
302.4399183  
185.2529205  
3.44524329  
202.5437972  
51.43111675  
82.9521771  
107.0804677  
221.3890849  
15.65217184  
67.15837576  
45.06983448  
316.122911  
11.52727358  
96.24831118  
346.8843492  
93.53922149  
69.13651422  
12.48694341  
72.55342388  
141.6182248  
120.5285745  
26.16604683  
37.28895206  
44.74398218  
63.49735104  
144.2234374  
39.04089267  
6.192002887  
164.1602946  
19.68849591  
110.2400802  
46.40192224  
13.48878057  
113.1002278  
62.5549835  
4.986307935  
50.72574639  
75.16958578  
65.1415031  
21.82828318  
21.11297626  
15.53940799  
33.81415416  
18.40413415  
4.369041677  
36.07555248  
31.89046255  
0.9811824369  
51.78960852  
26.50242863  
8.817806883  
32.81477251  
16.28973824  
1.510137778  
62.18964679  
10.19918688  
8.174547191  
13.91824857  
20.6488686  
37.01091642  
1.264688764  
13.08516401  
1.312614993  
12.18196323  
3.289978759  
8.900096502  
0.2324458733  
30.33419067  
4.750195104  
17.26839054  
10.32854553  
49.41515793  
8.436282063  
2.172433792  
14.09016252  
16.93174352  
17.75390598  
9.298912755  
6.220014969  
9.242488622  
27.4491671  
29.69851718  
18.46601595  
40.65372388  
22.73495276  
21.27237399  
2.19544284  
6.753803614  
9.615049213  
4.549981651  
1.323587744  
14.9344219  
9.492569439  
25.89391992  
17.37814209  
1.941975592  
4.152837923  
25.16242064  
1.634405833  
3.461625988  
4.237515446  
5.353971759  
25.036696  
4.424351789  
2.458715548  
3.879947474  
17.33211901  
1.394654274  
1.480732126  
5.546303371  
18.85258312  
12.11204064  
15.9844388  
1.504714211  
33.24858073  
1.517705356  
20.44847776  
3.300874554  
18.13016431  
4.828476423  
24.23042828  
2.627931762  
26.78738167  
4.86629415  
8.167258265  
2.210061401  
6.166482159  
2.623093333  
12.23760321  
2.753502347  
33.27365995  
24.84502916  
1.455710341  
3.345626241  
23.42448477  
4.579023717  
2.487062771  
1.309774168  
13.18888511  
4.241027719  
1.600375466  
23.21656168  
9.922556189  
47.16388533  
0.7436871624  
56.79744409  
20.07902294  
3.669025139  
21.90714163  
1.107930159  
53.9179382  
14.02727251  
12.42826985  
5.981478245  
0.9524949894  
4.551898186  
8.964555179  
7.1446801  
6.188530905  
3.179009355  
31.42415939  
5.968435379  
20.2662155  
8.936823593  
4.887300636  
23.23608942  
6.650093756  
1.724399078  
37.94549756  
7.751301403  
16.4133195  
5.680872661  
2.45005208  
8.313812747  
10.91587453  
0.6714269363  
5.029527711  
0.9171602534  
2.216344198  
22.86438042  
14.07251944  
0.584768595  
12.31476836  
31.22150633  
13.1704356  
28.75637506  
9.360158624  
1.448487475  
12.72068196  
4.464943639  
13.91769811  
0.9657998108  
72.19055916  
0.6435835545  
1.062886125  
0.4372544648  
16.23783812  
0.540076792  
2.891895975  
7.631028531  
4.983437623  
24.00912934  
16.39575954  
9.753183517  
9.38278954  
0.3061239704  
1.63537018  
7.030020293  
2.7026959  
12.07132963  
12.98852303  
21.75520448  
9.890813086  
7.489460306  
2.983886476  
2.962648486  
5.005771984  
35.59968692  
2.235874938  
2.86341506  
3.170818415  
35.24369637  
1.857897  
4.876957067  
4.489393031  
8.128237899  
12.25494154  
2.814758987  
20.70948936  
1.314138045  
0.508935105  
