112187.9857  
36743.85525  
937.2710137  
2519.007121  
1427.754929  
474.4368391  
908.6076264  
4438.068738  
2445.814501  
913.5351693  
1137.140145  
49.12912869  
706.303977  
1173.861107  
66.25370124  
441.516702  
796.0001836  
3.73476541  
136.0079691  
1873.906718  
408.2196298  
245.8465088  
408.9935336  
204.4699937  
164.7077148  
421.7382007  
168.7517197  
44.47452002  
21.29816293  
191.6092897  
303.4737235  
54.79798122  
0.3488280643  
52.29965962  
182.1082876  
113.7937587  
372.4071059  
17.22978516  
76.90325728  
88.34528115  
38.75670082  
91.10203507  
55.67593576  
138.6284747  
34.25141501  
446.4438073  
172.8140794  
34.17671799  
3.278689069  
34.25609527  
39.41422091  
94.14253949  
133.470658  
2.479113893  
45.74669063  
145.7051182  
229.5665318  
44.84746118  
8.561526285  
39.01183614  
60.96358911  
10.97995568  
51.99440417  
21.80092355  
13.4345252  
80.87178319  
105.7934224  
160.6926323  
91.2730299  
10.36900025  
38.71981889  
2.861369925  
21.86943635  
24.81950408  
4.689989751  
76.42585142  
50.48284588  
92.95347042  
20.47984895  
43.7033576  
50.06235865  
1.464017292  
14.69428315  
58.01835454  
24.95217029  
89.13035281  
105.963049  
48.7632223  
25.74473279  
61.96147712  
85.85078094  
1.379764656  
13.15283365  
25.30624696  
28.7708716  
84.19285275  
16.11563097  
49.85237057  
9.095852731  
11.71889011  
7.826065706  
17.52828084  
3.652100715  
1.960970552  
18.04014609  
5.698080026  
8.25367896  
4.629000751  
38.75390544  
11.23541534  
9.89000374  
11.13981764  
18.6933246  
6.116889219  
16.07618214  
3.221561725  
13.22751821  
15.15787027  
13.28621509  
34.76084258  
3.301218539  
133.3683746  
10.88685937  
7.439825271  
3.440261252  
13.058183  
1.627347019  
17.26715609  
24.50357924  
0.0007936315344  
6.513600634  
12.94783706  
8.810470291  
36.34949956  
17.40957552  
26.57263552  
58.47619901  
13.78267186  
56.97702101  
3.51069596  
0.9354060492  
0.1018476717  
0.2994867883  
4.525343894  
6.66841674  
10.40622799  
9.063020677  
6.279467201  
59.10317363  
2.813155879  
30.14707849  
8.662724294  
2.222733736  
5.836584721  
2.08971512  
36.05403885  
14.29787869  
17.31912679  
4.224784662  
32.71696989  
8.527504723  
11.99546323  
10.68143271  
3.171893599  
17.05493317  
12.09845274  
18.4469312  
45.16835941  
57.33773853  
25.91055012  
65.08764444  
19.61081507  
5.683332629  
21.12730511  
15.95527359  
5.886579324  
42.01479479  
13.01066932  
4.574912109  
7.319894207  
4.604781411  
10.92364717  
3.719794395  
5.286349941  
41.42354414  
13.9097674  
20.38417735  
6.653553024  
4.120118493  
8.170888771  
10.52311954  
5.030642384  
14.78498869  
36.14391752  
18.64971662  
28.55756378  
1.553767415  
16.37724635  
31.26125244  
7.363471224  
23.73193682  
17.18207844  
5.838884873  
30.77672921  
18.50475592  
9.026020815  
23.63688228  
24.88289266  
10.24404547  
8.773481903  
24.30964002  
9.637684556  
13.32855148  
25.10194415  
18.78475582  
32.00898272  
0.3648878401  
5.075217188  
47.92597699  
6.523516352  
0.6957822399  
69.29068556  
30.07809727  
64.49481722  
53.05335388  
54.88124973  
33.81603733  
7.507024516  
6.764461123  
14.44449964  
42.07059193  
92.92319843  
8.20138374  
15.8476217  
21.11830608  
26.47954718  
5.284111077  
1.641262088  
9.775900017  
33.87456756  
30.78082147  
23.32892275  
31.77901386  
1.717134964  
8.994890214  
19.5007166  
0.1064221365  
9.324904099  
36.72333017  
18.18907556  
8.844577809  
22.77434675  
42.97917857  
16.88034763  
12.53251067  
8.86491753  
6.80390699  
46.580349  
0.3051192604  
43.85411338  
3.959578303  
24.63605312  
8.258600877  
4.746042653  
3.071915156  
23.49842954  
4.159173557  
0.4160651904  
10.97107706  
4.468054892  
5.117556535  
3.158090313  
0.2717596446  
35.16993184  
21.31008542  
5.343688031  
12.02165452  
10.47613489  
37.31629092  
6.474295923  
10.284466  
0.8849887827  
1.427015539  
7.344303905  
2.896847647  
10.00246162  
14.49675844  
37.34158973  
14.3717129  
0.2358226639  
2.101563202  
33.70292935  
5.36756041  
27.29993487  
3.678989966  
11.61757127  
10.32542061  
12.53857669  
15.28642283  
0.4245269666  
