144160.7334  
13769.32712  
3503.49497  
3250.498497  
1846.262076  
450.1034009  
803.3699708  
1993.54686  
1431.865506  
410.7282732  
458.2902518  
56.49015275  
213.6176432  
84.06092028  
262.1675654  
136.6112643  
501.1226603  
283.9170188  
22.11419838  
643.9551026  
283.0851714  
59.92509339  
55.58108895  
10.56126035  
29.72687593  
204.7195554  
18.45291808  
2.213576034  
28.62819634  
222.0577741  
0.08240215858  
10.30017395  
20.87166258  
105.8146545  
74.81345831  
55.78638314  
56.58466386  
176.5993612  
118.7743243  
9.694427517  
97.02682451  
213.4053441  
129.8259609  
30.18139114  
115.7019633  
9.859949835  
130.103358  
3.686909215  
132.8801094  
30.93026869  
62.57203025  
45.57972138  
7.986805725  
159.4484813  
56.80193303  
0.7462334314  
143.982724  
100.4266821  
14.77018119  
25.4002457  
4.745351685  
127.4216355  
89.78443426  
25.70578628  
15.89106577  
82.45798591  
2.758439451  
14.00167226  
37.55559253  
24.30101148  
12.75192308  
28.16958803  
34.76057843  
9.803404852  
34.25485148  
3.703874045  
28.10577755  
7.120578868  
25.76737561  
6.282334724  
2.702961871  
0.7321677693  
20.25349638  
0.9208220769  
4.957192904  
1.04581065  
8.382424167  
13.30515108  
22.85302246  
21.39671625  
16.18259447  
3.576937185  
9.43024729  
48.03209902  
71.17672174  
7.971278559  
5.329105017  
25.87696611  
10.11755677  
24.91235747  
2.67240068  
7.179797813  
6.016219657  
10.56422141  
2.061830885  
3.239258914  
16.99812826  
28.46505286  
1.564809966  
8.709526868  
1.410942837  
26.31158278  
6.754696262  
5.703742253  
13.85922163  
8.446293736  
2.236055149  
10.07231203  
7.017878711  
20.61023368  
28.65554695  
21.79106071  
20.07307047  
17.09395786  
4.052889274  
0.2535530876  
6.894624574  
7.212043686  
15.38301426  
17.50523297  
5.396751426  
5.768597949  
12.21776129  
10.84807686  
3.08253963  
5.742327457  
4.595232724  
0.1152258357  
0.5521335591  
1.235200283  
20.35243406  
25.74880335  
7.752344858  
2.688864825  
4.709996188  
12.31613128  
2.780579542  
4.619501221  
3.166880257  
19.21406062  
6.901048151  
0.6207122395  
8.342149518  
8.555935483  
4.278328938  
4.361715548  
0.6455308229  
11.31553057  
8.643471032  
13.57043489  
2.831992754  
0.07963431367  
12.15055371  
1.991102909  
1.391905594  
4.769828483  
0.4368326169  
2.502261571  
11.95903002  
1.501124919  
22.06050129  
1.368874303  
0.6292669878  
0.1204119464  
8.248059182  
5.946953527  
23.67527827  
0.8009349008  
11.60855342  
2.077532912  
0.4219826545  
9.612872595  
4.16392545  
12.22746316  
10.88020288  
6.452292791  
2.829014576  
4.024088863  
1.861009704  
0.5082382737  
3.818692356  
3.398813429  
2.069471564  
3.944151613  
24.87595985  
0.07512422017  
4.178231775  
8.41197494  
9.148369311  
20.21293229  
9.63866228  
21.47124305  
60.20714301  
7.527803684  
0.7047619234  
11.30003815  
4.580989328  
4.143013264  
1.063843625  
7.342005024  
10.7296135  
39.68529837  
5.932882099  
20.90976297  
7.592638349  
19.0153547  
16.21531425  
3.643641687  
35.40993588  
2.827222516  
19.04466202  
39.12754508  
8.867222535  
39.15566121  
14.24270511  
24.04862095  
25.37740773  
15.14355267  
2.957059529  
4.892974396  
0.9142697483  
25.17997874  
4.772816565  
15.83498106  
15.7089317  
27.00598975  
7.765086628  
8.738087271  
14.24638889  
0.3810702771  
32.57153364  
10.91889022  
14.80094119  
11.56471966  
23.4270415  
4.093003959  
6.954365156  
1.09157384  
10.0690433  
22.41214073  
5.277554681  
1.225663868  
11.47782608  
5.047926914  
10.74836219  
5.923028052  
1.137808833  
1.223098493  
2.539742777  
1.092554885  
0.09227056672  
5.295997255  
3.602024899  
4.700549302  
1.939374462  
16.54803548  
3.567334811  
1.366456107  
0.1250228604  
1.072170789  
1.696289276  
2.750108842  
6.705723278  
4.364629241  
9.908895065  
6.929214026  
3.730373411  
1.929152337  
1.394709896  
2.88062536  
0.1518101561  
4.630389453  
1.865363438  
0.400922689  
3.975012751  
2.106186915  
2.700806987  
6.48045084  
2.777443613  
8.526011024  
0.2425042773  
5.976740357  
3.433906315  
2.24624887  
2.924633798  
0.2086891913  
9.237413756  
2.773171233  
0.2554016118  
1.932231672  
