35424.14184  
42623.96862  
3078.711146  
208.0950254  
1249.429782  
7999.432097  
734.6600255  
1566.841259  
1603.223076  
2077.264285  
172.454797  
524.5327845  
169.8492995  
428.3481651  
426.9459594  
1052.418602  
738.7792655  
161.2039101  
727.4381455  
184.4078065  
312.291226  
34.45203616  
451.4804877  
94.90278428  
41.8550436  
228.9274318  
436.0717577  
212.7409975  
24.09202468  
64.10413356  
25.07752196  
328.2913016  
377.4226644  
14.6224092  
252.5134484  
41.56546932  
143.5946047  
26.85808151  
306.4203991  
317.0160716  
22.11838661  
149.0235937  
185.4127291  
105.6457515  
94.24911577  
333.9675687  
173.0570686  
876.242517  
9.817603897  
97.93907248  
524.8802731  
44.82530172  
52.14294624  
214.3636651  
133.4149002  
62.09502369  
280.0732173  
24.95505574  
119.5352283  
16.00965398  
201.993722  
96.31824315  
211.5273752  
8.87720176  
188.9842005  
221.1711288  
137.3885624  
63.82990542  
322.1308601  
8.925655194  
21.92539774  
292.4943322  
50.83950497  
132.8500587  
304.651035  
9.086533559  
411.6852742  
279.1111943  
401.1443794  
52.0016318  
25.9798716  
118.318775  
336.8817958  
165.2459228  
231.9658848  
137.6276316  
22.15813616  
159.6583794  
114.0844626  
174.4688115  
19.20573418  
106.9833028  
66.76774951  
135.6440031  
215.6838504  
32.73541007  
315.6393707  
386.7982391  
1020.42986  
49.88859537  
96.94614098  
3.865959455  
117.536074  
343.5055926  
158.9516304  
90.21134213  
246.1352341  
149.8668355  
5.712496559  
78.11381265  
365.4749076  
550.1352843  
0.7488920968  
17.4039775  
184.7549638  
329.7721722  
237.7121945  
120.3703339  
266.4985765  
736.5876472  
618.8334155  
112.2511608  
172.8501298  
37.75061178  
126.2331409  
16.08198604  
61.93156031  
37.85404033  
163.6105534  
20.25175734  
85.24435528  
154.901179  
232.1895378  
238.4733276  
361.2135015  
271.0152127  
160.197314  
94.27903035  
396.9747714  
22.20616572  
184.3503428  
285.3480182  
159.2223453  
171.821087  
341.275594  
154.6075281  
422.4080517  
62.14252673  
314.9947308  
84.60164276  
37.80316156  
30.1423274  
194.1288165  
949.7633214  
27.25765642  
744.2396899  
61.72495839  
61.4353715  
71.80045014  
1157.403594  
271.7444003  
362.3833671  
156.0774631  
459.5477736  
268.895157  
742.093594  
82.46128526  
401.0869202  
491.7089795  
463.9977604  
15.28307235  
434.2530462  
388.5792847  
171.2474372  
203.8855168  
95.4584735  
65.8743224  
254.5221095  
87.48322183  
63.70197982  
185.7573598  
124.130554  
79.46250896  
257.9067766  
176.3998817  
103.1764001  
172.844686  
58.90710177  
315.0660739  
215.2652896  
151.5705486  
31.25599726  
382.5178544  
831.4153311  
128.6998877  
181.7914655  
225.5116865  
115.0731402  
724.2821883  
533.9768821  
45.83392119  
415.4988599  
272.9330444  
59.21594992  
1205.699381  
15.57622533  
34.04002799  
623.7169684  
153.5241084  
153.4609441  
145.8782813  
7.094165504  
598.5760538  
211.420613  
689.0745374  
859.292372  
121.9079322  
1178.581865  
616.4100575  
1927.831694  
151.5871982  
888.0737133  
1323.461576  
577.5587588  
1497.347477  
670.0543868  
179.277536  
659.2458872  
1273.374203  
269.1806864  
759.3865607  
14.46429522  
2421.611464  
863.1005858  
39.77509041  
1430.205225  
254.3569653  
674.612381  
147.5206676  
225.7214523  
1167.45827  
879.586449  
299.5300875  
811.1516339  
1652.846999  
332.8785872  
45.68851881  
1288.230107  
121.0768763  
65.16980973  
151.5606437  
237.9013357  
240.6747577  
1344.175406  
608.1450217  
13.47524301  
253.590216  
730.6346663  
92.21672565  
131.6696083  
502.7197436  
415.6990659  
537.2726732  
13.54119824  
306.8871764  
79.64672651  
84.84262895  
107.856483  
26.15543381  
127.8305359  
171.6916653  
11.83397185  
346.7169769  
56.01408381  
19.71824836  
248.7498886  
64.09593583  
11.95259336  
194.0449993  
135.8939076  
115.7364587  
523.3159881  
26.40559158  
242.152105  
299.7310382  
50.6651012  
126.3585054  
194.905766  
17.77038622  
159.1629597  
41.12008139  
266.4697685  
155.9035059  
66.53513497  
91.60988173  
20.50535775  
126.1970549  
421.8374573  
124.6438162  
413.8695673  
