74129.23255  
26864.9897  
2362.767106  
1920.181121  
2564.616381  
12503.9739  
715.1074558  
3538.679688  
2637.888236  
2382.933784  
1942.07557  
2481.486505  
1615.475956  
385.5219522  
473.1969255  
107.218763  
353.2670839  
1131.411392  
978.8193604  
2539.786179  
83.70661112  
139.7621466  
6105.474364  
13.61399777  
1060.846727  
733.1684045  
1075.229207  
1.864731296  
2446.842575  
91.03423694  
81.30708346  
838.137708  
1072.439435  
121.0582153  
539.8892811  
676.6959128  
329.3591881  
30.17674191  
443.3518319  
33.25866436  
17.7158191  
66.27050087  
1322.686643  
1120.487544  
669.4702902  
756.604288  
98.7263098  
1046.500342  
321.2518017  
997.1018747  
538.1310442  
656.0382842  
843.1237067  
537.2679004  
1171.940228  
146.1192855  
384.9477807  
86.53820818  
328.2966679  
560.6610575  
1416.015471  
235.5516739  
1424.606994  
60.99169956  
746.3062674  
398.7421338  
135.8428685  
218.9782545  
85.41526406  
189.7248306  
209.9461714  
3.734854971  
13.21699484  
305.3645491  
169.3726876  
10.83560885  
278.5846889  
11.44045394  
95.96511354  
156.1057551  
263.819929  
11.48836714  
139.549218  
242.9285015  
69.4799312  
15.49745323  
116.5647225  
140.9859364  
197.5901693  
64.51105833  
20.92578511  
3.362973744  
20.91732502  
2.525175882  
42.45065711  
79.7734594  
234.5445977  
5.820911131  
24.96686942  
27.30178353  
19.09742649  
131.2242522  
13.72971919  
60.10055242  
7.353498388  
77.25717576  
30.11197897  
19.38231632  
12.98673823  
6.573241718  
112.1936099  
100.0128524  
10.16108093  
24.72588262  
10.43468826  
0.8172687764  
1.481359714  
118.5534503  
98.44888269  
49.65195956  
7.71948875  
31.72125284  
10.85070144  
19.94738976  
3.652474377  
8.880858904  
0.4916533188  
2.821473299  
32.07282675  
33.89832909  
11.02342824  
6.172409379  
48.51008321  
11.07665533  
19.80372218  
1.033351063  
18.30813452  
13.11699226  
23.06023776  
28.6491352  
23.59301547  
19.44999774  
3.74400146  
5.718690688  
31.46288585  
15.84554992  
0.9251801725  
0.5469672166  
23.37309434  
6.610658568  
5.171150731  
5.836682321  
33.01427243  
2.479742333  
26.54101849  
19.58959045  
26.44604082  
44.92705732  
6.081361411  
11.188046  
1.397593426  
45.40485555  
28.23820298  
3.521604311  
27.24917298  
2.700260814  
42.74657566  
0.5968230978  
40.37240963  
8.290662912  
8.94512021  
9.088951874  
3.623395596  
2.837715862  
17.68471268  
37.59711401  
5.301551503  
4.663369151  
0.8448026481  
25.73022914  
12.13514004  
4.552098747  
7.654637894  
5.093447546  
4.225782875  
11.39926252  
17.5239909  
2.696325746  
23.04306324  
1.77518563  
4.381638343  
10.26986917  
9.31999996  
2.043293567  
5.164954936  
5.023723032  
1.680300606  
7.083103638  
4.473401521  
8.875511939  
0.4618867293  
0.4699109335  
10.71854759  
5.611038558  
1.653253045  
8.144560346  
26.41586821  
18.77108199  
10.96210108  
0.9157699841  
26.61733779  
18.90350732  
0.3398791098  
1.125642  
3.970938854  
0.9075377824  
1.369782979  
13.6256088  
4.034743787  
4.485627156  
10.52390841  
9.799356336  
3.779392378  
34.12237029  
61.13582431  
6.751507686  
6.845589872  
2.616500683  
36.43860964  
0.3554369694  
4.82398956  
24.27532161  
15.62318111  
9.715736054  
9.17441052  
14.16696426  
13.77005839  
2.492842548  
16.45723459  
2.874367434  
3.79027538  
1.173765724  
20.5470153  
7.338475267  
1.193695748  
12.71398086  
13.52062362  
3.210773543  
1.199904117  
31.08156163  
1.532543192  
6.912141666  
3.827316463  
4.220334217  
2.881228092  
13.42857919  
7.983950038  
2.446128248  
1.301212844  
1.486021847  
1.282682351  
13.05231861  
14.39984879  
11.90249642  
7.251365365  
1.8840699  
4.0037317  
6.99240322  
57.84617685  
7.194320587  
2.794947869  
12.64568299  
2.607318733  
5.213838212  
1.019529649  
3.192195375  
0.5190725109  
5.232170099  
10.11321217  
5.509857496  
7.231681537  
1.903488001  
23.26741111  
2.172897959  
2.696278931  
7.55006982  
0.1260929869  
9.238573713  
16.0122158  
10.12072627  
6.493626143  
4.556805963  
0.4968025557  
6.543345231  
1.806986004  
6.986151221  
3.236712631  
1.06461299  
4.41457232  
0.0203117272  
