39279.77043  
44149.89391  
7232.902126  
1512.178031  
2197.89317  
5049.174783  
708.3530778  
448.9338787  
1033.146768  
2256.994625  
224.2794485  
46.10997978  
933.3413251  
674.589025  
12.24882839  
1404.942988  
727.2744274  
246.9500112  
650.7809246  
241.8463688  
191.1208115  
538.9054758  
341.4428755  
53.90556065  
268.1051438  
26.59296227  
279.5213154  
17.40427412  
248.2720466  
414.934286  
524.022079  
843.6792055  
347.6473679  
44.93683626  
69.36466462  
320.933735  
351.5841828  
10.34676823  
295.7839171  
1241.212456  
34.11190687  
20.83462898  
469.9905758  
4.19000254  
153.8438122  
78.32598703  
115.3659514  
304.8799891  
36.99211623  
298.8128762  
645.1851362  
68.91750705  
128.8341167  
75.67222769  
46.95754403  
133.7109229  
153.555275  
138.8025939  
118.0625558  
23.18242722  
55.29103749  
119.7456479  
195.4376134  
382.3512826  
215.5888885  
174.801293  
53.42785275  
37.90809114  
275.0380524  
376.6460781  
21.05777236  
154.5769243  
815.076506  
101.1848804  
10.6578389  
324.5221024  
43.23495445  
441.6174791  
105.3156689  
37.78879971  
21.03154645  
61.50381867  
457.0330122  
429.1308538  
134.4827481  
614.2822525  
336.7373344  
574.1141591  
266.8544702  
154.6863213  
246.1622863  
102.9018329  
2.797150982  
170.723075  
235.3196085  
114.665895  
501.9802925  
90.25838727  
149.263037  
784.3180308  
141.5383115  
40.82860985  
50.26218656  
471.5973765  
18.43466051  
291.9073052  
299.2502836  
6.197895289  
68.23940304  
116.5286165  
127.875415  
98.81367185  
533.63743  
124.5735174  
60.17234055  
184.1332577  
391.2614438  
21.47512762  
228.7137925  
567.1911573  
288.2041761  
99.90771539  
190.2532138  
36.73775173  
132.049661  
144.8064821  
4.012129241  
196.1536153  
227.8959977  
553.1675786  
673.0336674  
443.3261858  
78.82138381  
616.0256024  
49.86854623  
149.6258063  
146.5677144  
334.7249464  
455.9665751  
617.4827247  
30.2410277  
642.9391658  
87.01446109  
148.5868682  
557.3138317  
138.6319712  
47.08848108  
71.30306018  
7.223335574  
6.546629832  
93.22532307  
53.56422853  
442.2279654  
1080.971433  
39.45035147  
189.8090973  
80.59986275  
79.52518949  
175.4953342  
286.5827257  
64.21508301  
1.737249886  
367.4919311  
392.3444586  
251.5511892  
185.4616418  
838.5008321  
791.1582289  
356.573864  
362.4706177  
574.6662775  
85.58977553  
312.4770112  
11.52760707  
295.5719765  
151.0867541  
4.405880146  
531.7618054  
756.7631848  
2.381982385  
295.3392197  
112.7514457  
156.6677008  
121.3260014  
38.07061259  
62.74607334  
304.5197044  
8.728551522  
164.6864716  
602.8952418  
136.9282097  
190.3330009  
13.05948075  
1056.573382  
27.5927473  
58.11558466  
228.2015715  
77.91774566  
86.03129855  
1430.73404  
481.5456042  
430.9175302  
437.1732586  
23.18002258  
108.6788788  
330.7176274  
4.120105535  
444.6310589  
50.03654894  
74.95056329  
116.0834951  
47.18558061  
803.9621323  
162.7761268  
340.0696563  
418.215287  
14.26453249  
1295.410691  
22.70508566  
887.6152625  
842.3692505  
195.8671438  
114.6402226  
278.5896472  
1151.759774  
503.1362835  
362.2180194  
32.63629787  
160.6545291  
4.959726995  
132.1234038  
319.7561014  
1378.004586  
104.1309928  
665.8441199  
505.5220269  
209.255866  
1204.286981  
148.4700291  
58.12504765  
448.8690502  
177.6753374  
32.11115557  
61.48548524  
1077.013892  
433.0920896  
209.967665  
2.261467742  
168.835543  
70.80491035  
47.08022113  
258.2693308  
659.9306016  
498.3962495  
35.46109825  
173.8827083  
73.74256304  
110.0931587  
437.7060797  
46.70931746  
13.39441291  
120.4046414  
11.73259481  
254.1404754  
106.9328461  
251.0656574  
151.911719  
16.70346333  
77.18080616  
102.3842284  
547.2022823  
113.8759577  
41.38956548  
341.3366415  
97.80320451  
34.01977502  
162.6664398  
179.2197381  
240.1949427  
134.7573327  
148.1877359  
64.81916633  
114.1736188  
582.68001  
210.3622172  
470.2895873  
30.69157894  
181.3718639  
89.16585719  
108.4720379  
253.5840517  
88.6818808  
73.71968752  
116.3482186  
522.6641411  
109.1477798  
248.6517405  
506.8910987  
212.6711046  
55.02140056  
