71057.3732  
20729.98579  
15269.98269  
14676.49895  
8068.588339  
319.623748  
5804.434857  
4349.845898  
979.8647094  
206.3988356  
3617.949659  
5282.305791  
1709.235218  
2093.725015  
579.1079579  
1724.920866  
537.9254011  
560.5978316  
1013.666999  
542.4440875  
20.31346672  
169.4427079  
479.341894  
8.257753612  
272.4047236  
704.4393102  
718.0356795  
593.2634188  
147.9900539  
414.8705082  
196.2322116  
327.639329  
118.8228217  
1276.49043  
70.73941786  
399.3044274  
63.51150703  
93.7703287  
263.2001098  
454.6672466  
384.8924956  
391.9196933  
462.2268396  
128.1367688  
222.8124064  
364.0401006  
545.8762127  
8.834273159  
76.49276721  
74.62320704  
155.1965161  
77.79902977  
142.4080047  
199.5992187  
348.5562766  
68.02499435  
123.4011855  
71.93572725  
196.0649275  
156.22251  
418.0515401  
7.646204551  
120.8614602  
75.36212593  
155.3414545  
37.16620815  
7.270380707  
13.36580856  
46.81334175  
12.75388624  
273.5019993  
26.57235882  
255.3243964  
30.64146333  
313.6158534  
165.956693  
113.0570326  
50.01731911  
4.157224395  
145.1836442  
41.09101254  
56.55428939  
132.3939094  
67.16467397  
62.17113782  
399.9585591  
80.01625183  
108.6714083  
5.674007761  
0.07087370307  
17.67750643  
72.74957895  
89.78468512  
6.335455661  
141.7842818  
207.5851723  
216.9240438  
33.7239422  
94.12864923  
77.12102429  
18.27525372  
61.60110364  
4.108997301  
90.08851558  
50.25880484  
23.05971439  
154.256834  
42.22596654  
40.44344257  
27.57373469  
49.18158382  
33.76272915  
0.6915161479  
73.8498769  
38.74684368  
6.558585784  
5.889217034  
15.57234838  
50.98180214  
66.34044436  
23.29435553  
96.41537986  
38.58100079  
45.15758408  
29.47476439  
70.91965169  
1.904442693  
69.67038447  
83.88472564  
52.7371698  
17.10088748  
36.67264351  
20.74403481  
9.775398194  
23.06630761  
9.681450677  
47.76175265  
3.224477018  
83.29103803  
70.76496536  
96.07718823  
18.17395589  
3.889645813  
130.8358903  
13.02208626  
13.41294538  
3.256787828  
18.97276611  
94.52412163  
31.50092521  
1.170949791  
41.39312955  
28.49168774  
27.86018093  
0.1326245638  
37.79337037  
39.34624626  
46.20279379  
29.42880533  
59.83349527  
5.718867053  
21.99465968  
20.52462296  
45.81615275  
12.9803751  
8.932600229  
14.09891139  
10.42899818  
5.375136414  
29.18573958  
2.998389717  
24.04054129  
6.976965873  
18.54544079  
24.68234192  
22.71438666  
12.11538242  
3.852456168  
5.989367433  
6.187366405  
0.0527876205  
18.05455385  
43.45418693  
15.58789863  
3.658573211  
1.863836865  
11.33438246  
15.23757804  
15.4685151  
8.914176999  
26.85609218  
37.72686171  
20.70690855  
4.927163223  
25.16154593  
97.8262712  
84.44466197  
19.2066965  
33.77522151  
34.5499921  
45.32264934  
10.57376697  
30.12282695  
5.870733152  
7.557130334  
9.95443092  
23.33691282  
21.81503402  
0.3673686354  
19.18016069  
3.928743871  
106.6930141  
7.474427994  
10.23219512  
7.666536387  
65.43111185  
16.6542847  
50.77625776  
128.0501491  
72.98157373  
9.485285495  
149.3063453  
4.329617244  
7.926480614  
23.29475924  
14.87435299  
25.79032421  
2.306589768  
49.0459771  
0.1844149752  
8.130735837  
18.76907496  
13.24781771  
5.624902825  
26.98538839  
23.70382247  
6.207766702  
18.82732083  
108.1097383  
36.85809863  
150.0834084  
10.11510498  
62.52394464  
58.59254887  
11.34387938  
1.755787765  
16.93016031  
29.99376247  
39.35495454  
14.94302285  
11.76142446  
30.07300145  
3.729401161  
18.78374306  
6.300531188  
11.80634503  
0.9033176253  
41.42927394  
14.1483678  
7.102685007  
5.626648858  
46.50348744  
21.84929047  
13.83472624  
30.62881133  
6.026073587  
0.7391980533  
1.08903289  
42.47760978  
11.86652234  
6.423312314  
22.91975524  
19.72481937  
22.23053702  
13.32400541  
24.61830371  
7.182634528  
16.91425478  
8.112429201  
11.1122047  
19.09336026  
47.24283962  
15.10849208  
1.773242349  
22.73298005  
30.21434075  
9.890733604  
44.77620389  
8.883405707  
19.97212024  
66.36197889  
5.563915116  
2.512467906  
14.06590982  
4.861579778  
32.87331772  
5.631063017  
2.896826532  
28.27023357  
0.01083897287  
