20164.9733  
19792.29244  
3250.389427  
1123.514399  
1306.226995  
2792.016647  
262.9596337  
172.2204855  
1911.391343  
1892.407291  
260.7515401  
298.9187808  
700.995916  
710.6387089  
89.47784807  
203.7344972  
1258.700345  
257.4383821  
331.4574197  
320.1430915  
173.2375098  
111.6488091  
510.4201212  
115.2534823  
218.2987485  
147.1219276  
824.2764898  
374.5904741  
399.5411395  
137.7235844  
735.9635238  
42.36050345  
144.8708219  
67.69883822  
462.765502  
287.7050793  
494.0909665  
150.2198821  
217.9565728  
92.56092771  
219.0869135  
322.9835378  
209.7496151  
347.696641  
10.05208875  
437.6939041  
656.6855725  
69.90972369  
140.1936513  
10.24221722  
736.5399151  
65.61870011  
27.29720989  
84.19235924  
326.0678334  
39.11883661  
315.2048278  
281.7636374  
68.09058831  
290.3609293  
178.9506152  
237.6618369  
123.3405578  
179.8093641  
40.98129974  
261.4985424  
71.49942661  
375.7757193  
273.8032933  
24.67349572  
618.0542551  
106.5408674  
54.73565726  
82.77501795  
283.3130198  
659.7558194  
300.2426343  
435.7436358  
198.916456  
12.33498537  
231.4819924  
903.847777  
197.7325983  
112.8901016  
52.97887532  
783.2938751  
196.0842062  
29.9944868  
611.3379647  
220.6475671  
142.7063508  
48.51145348  
346.8135092  
85.69049636  
426.9735971  
461.9856041  
505.3676674  
219.4001679  
81.13545271  
692.3805251  
15.08152608  
241.8360453  
1063.169943  
428.5250373  
88.56617596  
86.2818226  
242.8102965  
49.38618788  
55.66368141  
105.5787822  
5.535944897  
1158.530779  
668.9332613  
663.6411884  
138.4053328  
712.8251658  
18.83834742  
138.3696342  
433.3979417  
2070.456994  
612.3548921  
84.6615037  
781.5930308  
724.7706938  
281.7952701  
68.07343615  
62.60651754  
68.58167113  
987.0086047  
990.4164956  
75.30794593  
69.58453017  
343.2488243  
27.93163794  
579.4847776  
13.55625481  
496.3833308  
272.7411723  
1267.748265  
287.1484121  
102.7218705  
127.8897544  
1026.533378  
873.1728867  
364.1659123  
304.5439848  
503.5338084  
109.2678095  
272.793437  
133.0469501  
51.34070221  
120.7837207  
4.482735959  
545.9629771  
537.5424117  
405.8188979  
148.4424867  
351.2708041  
241.831401  
243.7944777  
425.1157207  
49.72909789  
676.654426  
246.341546  
280.7229508  
1566.970155  
335.3223683  
218.147075  
486.2909417  
61.64043081  
389.5488007  
898.9642326  
651.855887  
290.7631351  
38.83515752  
331.2331374  
151.3884629  
346.2164943  
872.012011  
430.2597553  
732.5052289  
228.637108  
476.1871601  
151.8891638  
326.3999227  
199.9559989  
328.2060988  
216.4442235  
49.87405347  
329.5225307  
373.9542801  
68.72723401  
212.2247734  
588.9200004  
239.495403  
730.0739912  
451.6872759  
131.3578109  
914.8577722  
2480.444661  
139.6096396  
445.5251326  
290.4936323  
252.4904678  
1743.972013  
183.8474128  
154.4999715  
1814.710386  
316.0177262  
192.9283664  
132.0475736  
298.1229269  
330.3492937  
93.08074663  
124.0442586  
1340.569974  
388.4971281  
1485.193237  
1706.118142  
2246.017254  
3.004851186  
1343.512375  
982.7739943  
1690.465767  
1853.117808  
2.423821943  
1147.72377  
820.2548473  
1553.031866  
73.48342299  
661.835897  
703.0672922  
4511.275048  
653.84505  
86.49746492  
1842.374002  
19.62032885  
148.6313619  
634.4742784  
1203.728318  
2555.147462  
637.9119219  
516.0605241  
699.6303371  
1187.413309  
314.1213422  
109.2454777  
1601.02043  
198.3116797  
15.28955755  
223.7086588  
570.0957526  
1168.424414  
599.9457967  
1258.560578  
595.4208364  
231.8905895  
2063.225743  
819.5584652  
98.34185367  
16.37686436  
1984.635193  
366.7580375  
292.688404  
75.38989962  
31.52733786  
10.19368297  
29.62515896  
184.3934004  
75.14061032  
160.8471994  
117.6748045  
441.1165336  
492.0437689  
686.8242334  
239.2614724  
622.9253137  
746.6122201  
684.7959086  
341.4054775  
54.02778903  
317.0520524  
17.67217802  
259.7377394  
139.205166  
161.2939252  
170.619908  
437.6049477  
652.8342038  
78.48562665  
30.5072513  
1.357157804  
49.98871056  
26.61785093  
705.0271895  
588.6895859  
22.08588195  
52.22440022  
273.7147999  
32.21086215  
