56307.63842  
25032.88904  
7262.770092  
5113.298106  
8378.598186  
2577.036718  
4847.562105  
8747.49629  
3175.9853  
620.7136806  
3023.952443  
1655.575748  
1532.742283  
186.9633412  
2057.118941  
1115.260837  
749.0844665  
1175.167239  
235.7907388  
1634.893736  
2158.607529  
2219.658277  
620.8871878  
337.3278361  
1102.908774  
692.9509644  
174.8388098  
1798.16907  
686.699156  
66.07225881  
314.5290357  
1814.894498  
1216.788761  
822.0320507  
17.84660783  
818.8430234  
277.0978938  
560.1915982  
2038.240305  
1035.868949  
206.5251009  
121.9372701  
1023.723449  
1084.337294  
347.6390016  
535.8859903  
234.617632  
916.4358828  
895.6550847  
104.789118  
280.8391846  
1032.837459  
5.933741226  
144.6222625  
456.4867106  
196.5661722  
302.82655  
176.9365167  
24.56309584  
587.4206558  
156.6392717  
96.44562914  
70.0213988  
257.8645401  
620.426525  
142.6865531  
520.6423327  
270.8305079  
317.95793  
634.1273057  
35.97908974  
476.1838625  
394.2951567  
383.0232385  
59.70972536  
659.741073  
75.46688178  
63.05020077  
35.69633396  
278.0040458  
176.1306014  
132.9301955  
20.67391305  
313.9492148  
24.42791217  
86.06393463  
197.8249873  
7.047982341  
256.7306171  
9.661060381  
507.2643023  
108.3268459  
198.2109135  
114.2348888  
140.4649895  
242.8436467  
35.26272491  
80.48548387  
26.93732343  
88.06703164  
204.9725651  
62.20829542  
59.77469859  
5.606513805  
3.872463016  
68.21657715  
8.168020979  
109.8675929  
56.18063263  
32.32658228  
109.0467671  
104.9681987  
6.610376023  
49.57809507  
73.79086756  
79.48329806  
2.360799339  
38.57568813  
74.83887297  
50.93257752  
7.040608445  
111.5919172  
97.44108404  
4.69127333  
18.59340111  
49.86442398  
0.1082969417  
0.907928946  
106.7157098  
49.093821  
51.65707572  
58.32098583  
112.8695113  
31.94481401  
7.540313705  
23.48576081  
7.289490893  
11.83748787  
37.63359811  
56.39042415  
37.37602957  
41.71221731  
47.96864888  
11.28041512  
0.9823598316  
13.15767308  
37.84844738  
49.57295718  
28.03983909  
5.626356341  
1.83289516  
32.24374995  
1.935042647  
37.68586323  
2.150099473  
30.87558451  
27.578215  
10.81931227  
152.3889691  
106.5350623  
1.229511437  
140.1887758  
25.46473995  
41.77731293  
30.7526662  
103.3638474  
74.90782961  
15.62953597  
24.10974372  
32.1796787  
9.441912707  
1.900987893  
31.16570529  
7.111829932  
26.17742236  
34.45752109  
27.82667854  
45.40718042  
46.16894073  
18.81031839  
94.3499872  
137.5604244  
86.25181502  
0.1393604353  
7.970761258  
45.49115899  
40.1479945  
4.749809223  
4.154706042  
43.34463192  
101.9400662  
61.39674735  
1.141128294  
15.18620608  
9.672824532  
84.75294455  
37.55838425  
89.00749986  
65.89338817  
47.4577511  
3.902847656  
28.36629864  
48.45408891  
93.8910759  
25.3902741  
20.6795436  
14.52692695  
52.44181833  
40.40671681  
7.334115459  
15.0892795  
24.2648769  
7.330825722  
11.06666717  
4.301762808  
78.98434777  
67.36269934  
209.1372355  
64.4133117  
137.7937743  
23.46521327  
162.1616051  
87.03208129  
138.1190902  
81.58588221  
77.26745481  
37.53881335  
141.2140922  
123.5358599  
17.82532075  
103.3772836  
75.90111958  
31.09400135  
92.59669532  
7.511069044  
32.02101949  
3.256269943  
10.53867308  
53.59197407  
11.29248007  
3.911964112  
4.663121384  
19.79899979  
71.40840676  
80.72059269  
69.56676969  
65.46587732  
91.11366066  
54.25911122  
49.35107332  
82.57944514  
72.52574212  
39.07706178  
94.77755735  
75.37399962  
49.93996613  
2.357832229  
51.95371738  
26.96799612  
106.9662273  
5.43150249  
7.016106083  
10.27106086  
16.93982964  
3.712394594  
13.63117537  
39.23831778  
18.29808958  
2.150531429  
17.00104384  
12.11625993  
9.573015781  
43.37290689  
2.159276756  
140.8010351  
20.49295036  
64.60610361  
9.17063833  
7.670807107  
9.447076566  
13.26140804  
6.911792728  
1.136797483  
71.54849215  
1.834850985  
60.53151647  
13.35583936  
11.31717927  
37.44272323  
115.4796213  
0.7545532064  
49.84535237  
9.428672873  
50.57970367  
28.19524044  
8.870607669  
41.77013718  
1.599344467  
0.377834397  
3.338174111  
