48363.7086  
29239.45239  
2238.382719  
4383.066084  
2081.64226  
640.34493  
5951.543445  
2084.844255  
2976.536471  
917.1131374  
114.6550898  
2568.365855  
2191.561307  
1879.737213  
792.9986059  
3941.918066  
2147.438527  
1156.244349  
5565.460739  
6389.271669  
2831.007796  
1243.542855  
5104.262433  
945.3507891  
620.5777729  
2481.902006  
1029.414017  
496.32573  
1298.377867  
100.4278172  
516.0402369  
2685.058802  
1897.379288  
963.3259236  
617.8838279  
325.3163636  
1031.469452  
193.9638232  
856.1000929  
1435.135431  
859.1303327  
104.5118207  
2815.040341  
663.1208347  
303.2716267  
707.5978062  
840.0314808  
250.9663956  
707.5557633  
719.1608394  
503.8534411  
591.0876067  
165.8563809  
2223.828226  
630.6584734  
542.0167381  
781.8854679  
1861.928567  
1208.565985  
317.2466516  
288.4506633  
2267.13877  
157.7735361  
481.5502291  
102.6176897  
728.2586639  
131.3831298  
46.48345816  
96.53004189  
646.0588908  
385.2199098  
2.251335097  
252.0538253  
99.31544209  
112.4091133  
882.8869599  
79.71138176  
134.6830484  
31.83207254  
2.073561557  
168.3912158  
134.3539765  
204.5413699  
5.294036761  
22.6988797  
82.45723634  
68.5776486  
50.33435401  
111.0361053  
116.8080604  
42.85872407  
165.6864631  
17.22532984  
0.2651238782  
121.522797  
134.5476752  
24.52545021  
56.38654623  
36.36716768  
7.203368532  
3.108873498  
2.332846883  
24.04154764  
43.46185967  
48.1267961  
70.64310385  
5.215346081  
20.22610025  
56.18002763  
14.99112811  
31.10505667  
43.5040863  
18.39723341  
9.169758305  
2.843366368  
14.82702352  
26.44377965  
12.86804802  
54.69167272  
26.13598484  
19.37940777  
22.48936366  
25.40114117  
49.94399838  
3.953006634  
2.946324086  
12.78576637  
19.78078131  
5.346441196  
4.52145597  
4.641030558  
40.88215053  
8.317144909  
10.25611167  
36.43105159  
22.69175444  
0.06367154883  
4.481610295  
1.552444233  
11.61466532  
8.571273127  
1.725470889  
15.05883458  
44.06326089  
18.96783836  
0.5891821687  
4.076913687  
15.92651175  
26.35029792  
6.16538533  
1.666955009  
40.43371576  
13.58812746  
2.589542826  
22.39834115  
18.41087525  
43.15063642  
7.943795028  
40.07694764  
65.77735502  
20.24076018  
62.42251674  
18.976591  
20.61114992  
2.984586483  
33.5200896  
15.30659158  
8.918691174  
12.62492797  
7.758449105  
12.25156286  
8.299224165  
12.27633441  
0.83787921  
20.26109318  
2.524332446  
5.862483342  
5.615762252  
0.6015914593  
5.118758008  
8.111675222  
4.100449831  
8.975722836  
0.4030514689  
2.848689564  
1.310809763  
3.712385495  
6.240232915  
30.68061848  
5.60380502  
0.6296431362  
0.8808155567  
0.5975023353  
2.930133889  
1.230590348  
2.256954874  
1.223825277  
9.372635199  
3.802364982  
12.5093976  
13.41202496  
2.639892972  
5.707754063  
5.8529337  
1.336026103  
6.004429584  
2.11698012  
15.9696754  
0.8157332578  
2.558999275  
2.742559137  
0.4417666503  
0.3627815059  
1.24255914  
3.782975465  
36.70723396  
16.91099162  
0.202742905  
6.564278125  
18.98673981  
1.938152804  
7.517788274  
18.99311027  
7.099248629  
1.299100992  
12.47701546  
53.54645176  
13.49831137  
3.711007625  
5.254390698  
0.7278797618  
1.068621898  
0.08818816387  
14.53232547  
13.99561887  
10.96440982  
1.905005706  
2.72858799  
11.93542335  
7.566331688  
30.31991962  
3.157104372  
11.69255852  
30.04521543  
14.99533412  
1.293348248  
2.689846554  
4.034203067  
3.682731164  
8.334803123  
3.093193951  
1.872238555  
3.287551739  
26.69950319  
8.490672457  
10.26448739  
3.723563137  
10.98923492  
4.952829234  
3.359072483  
3.997406141  
4.55388201  
1.564552756  
0.7262380931  
0.4123801073  
3.856912361  
13.99720589  
8.507629024  
19.81000861  
4.594587342  
4.535742784  
15.21372468  
4.423587416  
13.79064104  
8.433525571  
2.78220759  
4.245299676  
1.607996647  
4.385871147  
7.51284772  
5.420868291  
6.893835872  
4.398138538  
3.85326923  
6.820566292  
1.747193958  
0.6221950942  
1.578219749  
0.181313127  
2.88280419  
7.819765515  
10.06434523  
21.5808251  
3.739863079  
1.476606318  
14.51641123  
7.540383349  
11.77417858  
23.7748001  
0.3874943493  
