61893.17811  
10250.89516  
3024.008556  
767.8685361  
2015.177119  
2874.073574  
1587.76029  
1980.030756  
689.4596078  
926.6737373  
2168.87873  
988.446318  
581.783022  
41.93473372  
654.1200594  
709.4963297  
1463.972666  
24.07466901  
351.9261484  
1149.008794  
1460.795011  
444.7590675  
1045.783793  
266.8848947  
1452.140804  
1395.098656  
271.4167782  
103.6000108  
55.15209553  
82.41756316  
694.101345  
1002.239149  
801.0471342  
2134.25747  
1714.209356  
457.047093  
311.1920581  
486.9268488  
244.8550498  
2876.247327  
306.0578387  
3178.182644  
3824.559199  
2095.827699  
897.5937654  
3466.98602  
624.4676149  
962.8981586  
7682.893375  
1110.437795  
1065.946275  
4050.110274  
195.4214394  
1948.935515  
4280.507075  
1074.272405  
3378.601579  
3631.509567  
2670.879519  
2467.724532  
1412.560304  
2473.637385  
819.7021127  
1283.923  
184.3189913  
517.1425828  
171.4437316  
344.396375  
67.74875905  
577.2786549  
148.729971  
529.2039915  
345.3055298  
39.44334205  
34.11557465  
540.3827008  
370.1828011  
443.3631035  
163.4171661  
35.30512586  
46.81582736  
91.31880232  
37.60023353  
233.7186554  
657.2170386  
456.6627639  
31.02092391  
476.0119771  
12.03672545  
43.08560245  
180.9437672  
533.8869259  
17.4567481  
45.91393358  
18.29755773  
15.2769952  
14.7442593  
228.2250165  
9.685431856  
14.45813299  
42.62490308  
114.905158  
33.9260829  
31.27680781  
58.55238321  
39.0237338  
27.98537707  
77.23118309  
51.37492605  
22.2749352  
3.126712802  
24.36146668  
86.1540608  
51.18153524  
10.3899251  
5.559953092  
1.737072952  
3.13483564  
241.7376829  
105.2078818  
11.14898577  
21.10146658  
54.80589647  
52.62937171  
14.34136784  
10.33675302  
38.39311982  
5.598982789  
3.893125781  
209.7105402  
19.03682366  
73.0034106  
8.49013996  
89.64268468  
3.649620079  
14.24224087  
56.49475373  
99.2962892  
2.692657401  
36.32995403  
4.249200334  
15.45174229  
9.24204512  
109.0197906  
37.25390741  
149.0591313  
16.73675962  
4.351654112  
26.87561831  
8.366350065  
30.10735141  
1.482021107  
0.4088598779  
16.41664775  
94.92425908  
180.5107265  
15.75332038  
53.43052855  
12.20855856  
51.39943243  
9.357155502  
45.30353403  
101.8821464  
13.6845026  
15.67471898  
14.86434875  
37.06594256  
5.298183422  
14.27171126  
6.32812664  
81.10069997  
0.9977463634  
13.74809554  
20.39537719  
58.80827851  
0.1662229315  
3.565650716  
16.10330616  
12.98345232  
110.764446  
7.618824972  
1.525199965  
9.16120118  
12.56867257  
23.27887928  
4.372172346  
8.108878885  
4.371967202  
3.341230961  
15.4443712  
18.80858218  
30.26067403  
33.21309116  
9.266290423  
0.6921343021  
10.81985355  
10.44183003  
12.19247379  
1.536114671  
66.37125642  
33.86442389  
2.320085908  
4.621238511  
0.5352689522  
29.17306395  
15.9790263  
61.1221307  
8.776476577  
10.47899168  
15.58219268  
27.71948579  
12.41837925  
11.89574306  
9.8162742  
24.52979549  
23.87980885  
1.637445251  
8.049388941  
0.9666170109  
21.7887038  
8.693082024  
83.46938699  
35.77248918  
73.99415959  
97.48354827  
14.40697019  
0.165110618  
67.5871145  
1.148888196  
24.91179754  
39.17145332  
59.56669587  
13.09433835  
38.97501233  
2.76888256  
78.13523691  
27.62624244  
1.728079017  
18.04517646  
70.65803613  
71.66039288  
30.3887336  
67.76545237  
20.23657232  
42.99797602  
25.38511846  
20.97951846  
48.9228625  
26.24959472  
13.51149469  
8.870071625  
14.84848652  
0.8122776059  
5.920125557  
19.35821141  
7.914039975  
2.98900783  
22.98782442  
0.7819290802  
0.954448515  
35.66978111  
43.03483099  
39.35179855  
1.845032945  
26.93219487  
0.4963575632  
24.72672994  
14.95392866  
20.98398834  
20.7658038  
6.318887667  
26.40898409  
60.31262339  
71.82235659  
14.66998978  
10.9440775  
8.996226235  
14.67846581  
20.05072793  
0.8583806806  
41.73418368  
4.266961831  
38.19719993  
6.990589297  
5.67381538  
5.253847609  
11.30357128  
14.32462005  
69.67003376  
59.73847733  
2.148614293  
12.27232284  
24.73197961  
1.462087399  
10.05264049  
8.299957037  
35.86617814  
36.39215232  
15.89228878  
26.95530883  
