59280.86525  
23041.45957  
393.9962446  
9682.954142  
781.331328  
9020.593958  
3402.96256  
8258.775337  
1654.532999  
6418.160026  
579.7742393  
4526.284414  
690.4972408  
2974.954375  
1618.004484  
1990.692517  
1447.187904  
2525.155097  
803.0365758  
1684.06211  
1262.665694  
90.24209092  
1378.650504  
762.9726426  
891.5492925  
1104.732719  
396.0951743  
255.4689595  
18.1284926  
245.8845552  
553.5116808  
864.7013458  
189.3583352  
224.899208  
1137.776433  
217.9872266  
203.4474471  
374.9281832  
2.037558548  
133.4939938  
2079.354369  
544.0064389  
51.15354621  
1329.735991  
42.96047624  
201.5897  
793.387556  
2.062119855  
400.9239875  
397.1311527  
330.2768313  
828.6537668  
184.0779863  
1283.259237  
229.5439598  
131.6765202  
126.2580261  
179.0713587  
184.4051223  
34.56475727  
16.69425904  
410.3720404  
358.1584364  
294.6379524  
803.5018098  
661.8150378  
169.7491804  
155.5327742  
8.37878864  
21.96163161  
173.999287  
242.9008551  
435.1619131  
108.7870451  
81.97905409  
162.4345229  
155.3932932  
11.89837325  
249.3465375  
33.46985852  
7.92123716  
19.35734715  
173.1058774  
76.78058759  
367.0459531  
79.80169081  
138.8203978  
151.154051  
168.735529  
119.2143128  
34.64144693  
12.67073076  
177.4175692  
124.5952679  
182.8644334  
52.29521588  
67.10796112  
19.75772743  
747.3358855  
62.08180774  
190.3977731  
10.25792342  
64.76353445  
10.97979679  
54.15450207  
67.39430231  
102.5317826  
43.38055399  
175.8133392  
115.3857128  
81.73985122  
42.60391169  
53.36097984  
17.03850729  
111.3831245  
124.6370857  
249.4239605  
13.76016435  
166.9552241  
138.0830888  
108.8915003  
54.20554999  
3.582006948  
2.936172396  
8.478904874  
58.12722687  
8.333331831  
28.53270082  
22.69357889  
122.8826538  
0.8379540004  
0.2021627129  
126.9163956  
148.2271565  
21.29543625  
7.645050278  
203.9505008  
27.75352458  
78.89404273  
60.29116381  
22.44018693  
31.69717409  
25.13670792  
25.31464848  
13.19081001  
47.91769197  
69.40629094  
65.88235663  
1.802031122  
70.82586686  
10.63294517  
162.7299117  
39.13184175  
40.25442994  
37.55799229  
96.38921405  
30.37780677  
56.92958171  
85.62222319  
145.8966517  
88.22155995  
42.98483699  
10.35013749  
1.475455555  
24.23166673  
13.05429852  
65.55801808  
43.67304942  
8.659454766  
6.433095604  
12.40567853  
12.94345038  
24.71843849  
3.259998479  
24.41223957  
21.71300167  
93.09744467  
83.88970024  
40.49778656  
4.544412421  
141.8123029  
23.77824983  
44.20635708  
32.60697456  
8.807018016  
26.55889225  
14.16427227  
26.97851555  
0.4601556631  
16.15962856  
6.962742148  
105.2813376  
2.509940934  
35.82979812  
48.92485754  
27.03561766  
82.76543546  
72.65708009  
55.23019401  
29.36850332  
12.26881644  
41.07318551  
57.67021251  
89.16028523  
42.55410083  
10.33406314  
8.320802896  
24.54305261  
31.37664896  
16.18111103  
34.63473486  
47.42813206  
34.41145606  
0.4400945896  
84.84862078  
63.72167763  
109.9826584  
143.8561143  
122.2047227  
35.64159292  
20.38067368  
69.79602013  
81.60007994  
286.765536  
372.0078935  
340.8365426  
256.3363728  
48.94105463  
151.8775111  
47.98616998  
41.20258897  
44.63706822  
204.7894177  
506.0516119  
365.7494196  
161.9160025  
120.2094251  
19.94982206  
1.299276941  
1.224149106  
142.8782505  
15.19790556  
22.46027364  
45.6338292  
99.58874953  
70.52176704  
26.11981702  
181.0387215  
9.018428435  
114.9489333  
6.116500804  
4.925867202  
97.64151284  
76.30986273  
83.97707568  
138.2565977  
16.53019655  
22.40556835  
72.37826917  
24.25843732  
77.50914887  
1.644561303  
48.16367324  
8.241472932  
10.06503497  
62.52637205  
33.1281001  
7.525959351  
33.07594599  
7.626333323  
5.784330421  
47.17940562  
2.698752284  
9.008331494  
81.89171106  
91.60243562  
4.362369449  
63.5904903  
72.68492884  
9.941367979  
9.128118683  
19.86341373  
43.51552363  
44.84270641  
7.334023516  
24.13307373  
11.93968218  
30.24730361  
58.35362236  
15.14436151  
4.014594938  
29.02958034  
13.38937968  
32.93615195  
31.85144775  
20.53447663  
14.49440458  
143.3667875  
81.27667848  
98.15216243  
