58383.65014  
12284.24519  
8731.457568  
1666.664531  
3564.192134  
7146.00542  
2976.633278  
2570.491192  
3042.315448  
2919.616033  
2391.864072  
1640.330629  
409.3616053  
204.311267  
2539.009053  
633.5075625  
4844.659723  
1181.967853  
498.1949414  
4487.473338  
1924.694318  
2950.362805  
3588.095821  
926.1976437  
1890.373834  
340.571197  
2582.788667  
287.5268007  
635.8881142  
258.8093458  
234.5215119  
3688.816784  
99.61398146  
885.2792193  
270.310613  
252.3110444  
379.3737529  
980.3934837  
1158.709898  
305.7775347  
615.183065  
903.4375997  
3329.947057  
1328.673935  
216.8500865  
823.3749846  
125.3644145  
303.5806756  
1376.948645  
70.08622143  
418.2797502  
2438.595885  
134.7897264  
607.6155775  
732.5154671  
17.24370803  
155.3775591  
215.1236603  
261.0385822  
775.7120841  
59.10937963  
213.782658  
334.3908621  
302.5618346  
33.91608215  
405.163463  
310.063144  
126.4058827  
96.90523572  
629.0502293  
22.8947359  
117.4634814  
73.70338594  
8.167160338  
110.5524955  
181.878663  
197.6969969  
181.1991675  
187.2903013  
117.3390552  
204.0888346  
0.9038618081  
9.09203166  
322.5024492  
11.02169281  
99.40782246  
6.881068508  
24.67398674  
369.1089024  
129.7490981  
67.97064632  
265.9481232  
49.92625962  
6.903802234  
22.48458106  
139.216159  
41.03706021  
80.92743302  
327.153053  
39.76980812  
63.55238116  
78.65297555  
3.455628611  
10.3664372  
119.1296602  
4.43606962  
62.5378844  
51.66332041  
4.540250985  
257.2252532  
47.30149298  
98.36678585  
72.61208975  
38.8104469  
76.52434209  
24.93058758  
104.0949036  
61.72632114  
67.37432707  
41.67765843  
60.66118004  
148.3744517  
0.7299819058  
51.42391733  
20.98537596  
89.12984235  
18.04461663  
19.04598142  
49.72979178  
39.95072385  
27.17096789  
111.2247896  
30.82935234  
79.43373911  
21.52423916  
11.66524847  
56.07727303  
28.04809558  
159.4173323  
8.458952044  
23.63411062  
10.24612527  
135.3409161  
85.86714753  
46.83508353  
171.491663  
2.697835806  
32.92270876  
46.12783136  
79.77162794  
10.73069023  
7.784186797  
5.451217972  
8.062168792  
63.10640162  
124.7033444  
69.60696478  
70.5160151  
37.63850585  
171.2672973  
3.082365788  
94.77299521  
66.94450228  
169.604097  
2.275652784  
43.97673032  
248.3034637  
108.6184414  
135.9006013  
40.25937649  
125.3863814  
40.67489047  
27.68250454  
22.06975927  
2.521014907  
0.08475083581  
86.23066969  
34.50250299  
31.41448903  
90.95781118  
9.684021571  
3.442790452  
3.470455658  
45.41609309  
25.03947328  
37.1738201  
55.0957359  
233.7485027  
17.43638228  
103.2196623  
51.2967963  
21.83823156  
22.62480704  
27.79171712  
171.6469129  
61.51873166  
51.80325758  
29.65693034  
24.7666703  
16.55689531  
85.56940702  
13.32384293  
153.9240445  
20.88173776  
113.5610727  
111.3262013  
96.49052251  
162.3221726  
124.0787575  
135.9719833  
51.04422131  
8.841047698  
226.9993886  
47.79708348  
219.592664  
16.87662558  
14.28823672  
46.51534106  
25.64649776  
61.97060294  
13.94313311  
250.9699424  
23.48073283  
76.08966108  
248.9585747  
46.88666137  
30.32515184  
89.40631771  
30.51304744  
62.42906702  
185.9972273  
33.55045163  
302.6694353  
53.33073898  
95.04340698  
107.6628813  
66.36389442  
176.5317771  
131.4297472  
78.93498908  
194.7231608  
128.2133095  
14.8368286  
68.59247716  
177.5351114  
68.4520999  
42.90633004  
135.2858133  
20.84565067  
140.6731492  
3.987097465  
10.43117737  
64.99589956  
63.46222972  
95.60047727  
57.65956604  
5.118047826  
50.13321541  
37.49573803  
99.63046873  
58.22162359  
22.84842236  
111.907328  
14.87227173  
49.08080009  
14.22388073  
34.69717951  
76.54373777  
66.31591507  
58.24020863  
14.59372615  
9.651390021  
29.72022859  
144.014577  
21.91092043  
51.28715581  
76.99913265  
24.80055058  
185.8512225  
22.91367283  
33.84190122  
43.67521387  
23.17318028  
44.71225392  
25.96820965  
46.045545  
11.86286311  
170.7554548  
21.42865651  
70.78591977  
6.370017854  
196.0669078  
107.3095251  
23.53425704  
81.61471234  
26.14775793  
5.082289913  
148.9587971  
53.89000622  
0.7242411669  
