99822.92165  
30846.23949  
12069.58321  
3871.017021  
3574.237486  
6040.661967  
1502.053693  
1583.747804  
2090.995229  
1601.236219  
989.1444057  
232.1391923  
404.8794961  
390.3028251  
853.2980258  
615.5366843  
677.4472938  
270.852289  
672.9566719  
755.7874411  
463.3523429  
173.6281481  
919.8078295  
288.2685989  
20.54595909  
648.2612301  
403.8729334  
139.8644492  
71.16801225  
304.8571428  
25.69016814  
241.2489802  
62.81030214  
185.4305012  
101.8744385  
27.42761815  
53.24954425  
102.9053169  
175.3524031  
6.621953204  
59.72196153  
313.0743994  
292.4977069  
11.59438908  
104.9058541  
26.88888891  
29.20839482  
98.83295293  
425.8446953  
104.5897057  
44.60355015  
40.83909007  
57.27285698  
194.0976049  
96.35629454  
5.45405436  
322.7640053  
105.5877296  
150.0173117  
4.55130127  
90.57245512  
77.04010713  
48.71884564  
139.7395844  
7.866977529  
22.74144198  
45.62611335  
9.521564693  
21.72676731  
24.54573619  
14.80326331  
22.22868169  
50.41359852  
35.37535081  
10.06543127  
44.01059302  
19.79017174  
55.14055994  
37.56788652  
21.95155025  
40.70415571  
13.94206412  
1.778230395  
9.91497627  
78.59230731  
0.08729049675  
29.90974923  
19.3070703  
42.91661041  
7.089186854  
48.90954758  
39.63721926  
2.014307153  
1.072764144  
32.88548423  
28.69744974  
8.925435852  
0.4105471549  
6.215646407  
35.58909386  
29.73534603  
25.14193281  
5.70312118  
18.70967749  
28.00688391  
1.350380472  
5.842665531  
27.6437036  
53.23241844  
19.25701495  
0.434397412  
23.99865864  
22.68763858  
9.232323494  
0.802797744  
24.39078726  
17.80308339  
32.99091418  
18.91376272  
10.22486744  
5.548696349  
17.23050668  
18.16044835  
3.184884301  
8.797865252  
18.23331918  
7.865708727  
1.540189937  
22.44592062  
49.0587185  
9.736963333  
2.017436308  
5.246384846  
0.1281057742  
24.04591795  
0.6470079013  
12.46424867  
11.74776751  
38.39516828  
14.70176665  
3.369466648  
3.16759168  
22.20428792  
24.59724126  
0.2085398949  
11.27550019  
6.723921164  
15.97775042  
20.31088273  
8.450213051  
3.963969047  
33.31359251  
34.48340525  
5.246963317  
31.56198153  
9.353749771  
18.42736173  
1.979284769  
6.025346118  
34.13047889  
14.80781468  
7.723741659  
4.940216772  
11.07330953  
13.77917685  
0.9368997279  
8.324895991  
21.92361619  
23.89722179  
8.918896272  
15.63373679  
0.3259391505  
12.28332123  
16.20162497  
17.45449673  
7.145510389  
9.390480838  
6.119787615  
11.65571175  
4.33856526  
2.127045102  
4.586089194  
2.885783839  
1.28276214  
0.3277329394  
1.851858184  
26.69787323  
3.993620966  
3.76419947  
0.9113445674  
29.79448453  
19.42849195  
7.348532267  
2.104105438  
7.698380773  
10.92107609  
8.731101965  
12.66347456  
49.63366935  
18.14516998  
7.898150507  
18.6159398  
37.49279325  
8.855371603  
11.38392456  
1.460737143  
9.844293129  
3.098688943  
42.77754778  
7.93380427  
21.7000593  
34.12310798  
13.05574357  
14.23738936  
22.27401994  
23.39320342  
38.61530576  
3.10628775  
28.19987122  
36.45711777  
9.518066642  
21.59298543  
59.29991096  
19.75737722  
8.141084642  
13.63199464  
16.60566155  
29.96964362  
17.06640051  
19.1741695  
40.57002362  
61.54911173  
1.126285088  
18.50890254  
21.89827549  
9.614427333  
37.0426283  
1.975274677  
10.96063376  
5.929304514  
16.14493452  
0.4523658112  
0.9159459678  
1.447101698  
39.22672118  
13.2368604  
5.386391438  
39.14850347  
14.03897718  
7.499767718  
78.75792735  
7.299622869  
9.872284412  
12.68859446  
18.82882856  
30.4594119  
5.658570352  
9.351766267  
3.483658084  
4.788582175  
0.3318457403  
0.3029142756  
5.749823892  
10.96998723  
11.18852301  
2.518545962  
12.12419959  
3.156241994  
33.37356998  
19.43792217  
2.192380813  
4.090904145  
67.61725638  
7.792258333  
2.125083679  
20.68041083  
27.88899766  
5.483549186  
7.527049577  
13.02186573  
14.66731167  
2.426779202  
9.061231155  
7.850725373  
10.79397364  
6.084843233  
15.44137157  
16.63447748  
16.04593048  
8.386500415  
7.317666977  
7.03157513  
4.700690246  
12.77811023  
7.574025633  
0.480126742  
3.729588177  
28.18982388  
41.10129998  
6.242125003  
