106735.745  
4717.930012  
12107.48874  
1610.881312  
2335.340642  
1947.830435  
2041.981895  
183.9211466  
1791.431282  
535.3137359  
2500.489328  
1920.173469  
2413.284753  
518.9674291  
277.6402004  
669.1491748  
2126.642755  
365.9087944  
845.3339662  
1355.81732  
1469.394231  
851.8681292  
844.0630488  
761.5286579  
1003.498886  
636.4147893  
292.9685946  
393.055902  
68.7943586  
98.68798012  
19.44765243  
301.2036958  
349.9022927  
73.35393154  
60.52958819  
88.50822619  
25.95540405  
80.53946537  
102.6793345  
25.30821527  
11.82006972  
413.7984657  
555.7926492  
259.100294  
57.90143211  
1187.368442  
334.7868569  
511.2017434  
387.2114683  
77.35527232  
81.72607481  
190.9399227  
130.2515007  
86.37391722  
901.5111541  
3.853617354  
684.2217208  
415.950329  
1028.887294  
248.6906662  
200.535962  
512.8264791  
1034.858177  
674.2494734  
155.891707  
76.36605008  
114.3749084  
166.1363744  
323.8010261  
224.9465507  
438.6848617  
510.466689  
95.53145214  
614.9490625  
2.283029868  
936.6881117  
341.0757553  
210.6524768  
165.0983474  
9.558910545  
243.9332173  
254.5920575  
161.890693  
237.9171353  
272.8132323  
5.542110732  
183.4553274  
43.62165317  
252.9524985  
301.5358735  
26.55553794  
8.600855297  
34.10547272  
85.11599084  
178.1089263  
13.37200008  
6.930939617  
71.55377644  
196.0885201  
193.909749  
244.4441263  
25.54385411  
18.36438101  
3.053183514  
140.6544135  
23.91899124  
23.60982693  
2.990263545  
16.06425152  
138.6337147  
0.2264362005  
25.79950773  
13.79222935  
36.92111075  
39.99701916  
21.32785722  
6.47859164  
158.7386159  
44.1913938  
5.183631816  
26.42710723  
134.1245452  
77.44349412  
8.677144265  
344.0704354  
81.00641571  
23.32931148  
113.7815415  
24.65992834  
63.65680246  
85.98160068  
16.88438863  
3.623826536  
37.20939402  
71.75403357  
16.42968478  
27.94186211  
0.06437443566  
17.89466003  
105.4073174  
25.25464115  
21.18731757  
32.71664514  
18.55566325  
7.149113228  
119.1157241  
10.37284438  
70.84569869  
106.7307309  
25.83705661  
23.36011832  
22.09093183  
0.1012421081  
21.86253635  
30.53323643  
55.52762881  
22.85709597  
111.9829891  
1.514001793  
23.29882858  
34.97653261  
4.211479487  
25.09737338  
88.98533988  
33.68555522  
81.9035651  
25.41875006  
168.5775383  
18.16559562  
55.83332242  
24.66478831  
83.78645054  
25.10947048  
46.04400318  
12.20236498  
8.11326738  
22.05721829  
9.412678706  
17.83014732  
99.8506112  
118.3312158  
12.19867599  
44.4072433  
12.80586754  
50.5790466  
28.820759  
14.76440501  
46.47995741  
6.45882105  
4.692348534  
6.241654659  
21.85498222  
10.48497817  
30.01562789  
13.74443928  
11.34759101  
1.776917256  
55.63362702  
16.42982035  
21.22681137  
51.18655542  
55.07725102  
41.69556748  
2.008180609  
2.462564604  
21.80598316  
22.88796723  
37.94141087  
5.137149858  
6.255503324  
55.37242885  
37.72627805  
1.56702442  
34.86278411  
44.97000999  
124.7719392  
42.00693113  
40.24426604  
5.383992367  
26.3587332  
60.87993841  
188.9608873  
30.42965969  
117.1846496  
116.4684482  
48.95010569  
94.20567966  
44.66218001  
45.56021917  
35.35381359  
14.5984688  
154.2744973  
65.44040631  
77.04918701  
29.10837679  
77.91174244  
54.6152573  
50.28460701  
6.088133099  
16.81334698  
23.60999355  
20.82654234  
205.7426218  
13.16622534  
30.11875126  
38.24452472  
27.7196379  
4.329771696  
2.483299478  
118.7696684  
5.207978489  
51.47405315  
92.09879157  
23.04087684  
41.05429483  
60.62849623  
50.20459356  
14.17603633  
14.12686147  
14.80793683  
98.02877716  
59.07852605  
49.00433643  
10.23055332  
32.83821759  
11.11190095  
44.33610378  
33.66258871  
10.29066648  
22.7671267  
19.09319499  
20.02749773  
11.64099951  
42.80400613  
36.88085302  
1.441901323  
3.610243074  
7.791450659  
29.27264371  
17.78549222  
32.8919716  
30.37492772  
1.859046474  
62.3030064  
4.45851477  
12.63957797  
38.09652135  
19.99679715  
6.782863945  
32.75914702  
7.751682661  
9.06089199  
40.34495647  
14.78890971  
27.45815675  
20.32008888  
59.52617575  
12.79418175  
13.49868442  
30.99989008  
