16858.69227  
32395.10521  
31425.05181  
16.53609209  
7131.850907  
4373.250827  
1357.938935  
1793.057441  
4145.805199  
24.84859753  
7130.332102  
352.6733292  
1047.329557  
36.7523141  
632.5588592  
1280.974878  
994.6179547  
651.908392  
1668.275485  
3326.672905  
2832.006645  
2179.239773  
763.4242188  
1413.973004  
1765.824519  
888.5061436  
1304.70371  
115.9892105  
493.0954999  
296.0571836  
274.0275635  
40.55795882  
269.8926358  
668.7967038  
252.8905013  
504.5705941  
129.8791529  
177.1022982  
21.26023809  
179.0801295  
144.9946558  
137.3018025  
844.6842699  
1753.92435  
637.1598536  
1033.847902  
124.1731777  
113.1327331  
930.2012772  
30.63126251  
674.1273756  
751.953825  
418.8108669  
289.5495091  
340.8854601  
567.9335505  
203.3890768  
515.6543936  
77.71786112  
511.7423762  
490.6594091  
42.0316798  
1659.527701  
329.0631066  
197.9181695  
599.9591012  
1035.575342  
15.84536948  
879.7148854  
564.3235609  
96.44219745  
53.32188634  
98.81338465  
551.0918182  
21.58962555  
50.98075167  
390.2289706  
726.2105466  
114.3616008  
370.4858053  
153.6057325  
163.152503  
102.6063609  
203.4810546  
253.9426869  
786.3227438  
21.11880545  
120.0320271  
224.9659979  
0.286979113  
254.9992048  
216.5758082  
104.3142749  
46.51937468  
349.0300363  
9.577520656  
85.840643  
65.70362707  
127.8490531  
45.92102955  
152.4514411  
71.78931529  
271.7783965  
106.8769603  
13.42105475  
65.14185011  
156.0769557  
208.5249254  
244.4834917  
141.8456416  
329.9208896  
261.6236138  
20.52408475  
30.77151435  
127.91297  
6.134140402  
190.2505155  
49.74436319  
85.11672211  
408.7120757  
127.0313656  
319.9106441  
23.91684742  
169.4019637  
200.75514  
9.732720419  
137.7778195  
60.98814149  
40.81940528  
12.3280598  
85.71517858  
50.50547647  
70.68154857  
173.3704049  
5.473325494  
165.3940005  
161.322597  
45.15619489  
69.49076164  
7.06419816  
85.5703471  
2.441056504  
109.576191  
17.68000552  
10.51963534  
73.79041532  
22.68651256  
48.97773298  
125.2302167  
24.56501757  
46.91411845  
22.63575299  
17.28496083  
48.93463148  
14.92786979  
40.85192894  
16.57454933  
95.39657752  
95.35095244  
15.97746226  
187.3239844  
41.74867569  
53.25179323  
23.71381372  
27.99350192  
13.6485944  
29.22405848  
250.5347681  
4.920498399  
285.857848  
242.7848326  
61.83939299  
52.18492668  
18.40725865  
86.00874188  
63.9293375  
105.1880777  
13.40954017  
43.83828606  
78.222619  
38.79433458  
76.96456627  
2.813786415  
279.1714645  
39.09399568  
148.6320035  
39.81504938  
25.04419362  
86.70586689  
205.3536942  
307.8940097  
296.4868033  
68.24430604  
101.9571396  
142.7701553  
28.20387767  
61.18720951  
88.72807731  
258.1801364  
220.4216083  
257.979944  
79.33777985  
101.4852815  
151.2735362  
364.4542185  
160.9809866  
313.5566197  
258.2428136  
622.3720189  
184.0573526  
1119.023824  
3.619754916  
497.68073  
37.25290218  
376.8634512  
22.00640436  
22.32461343  
247.349037  
329.9095853  
1114.213983  
151.8035168  
664.8437043  
748.553694  
25.75023489  
524.3420504  
331.0887088  
12.2269688  
223.3104057  
165.7272643  
73.83342516  
98.39168737  
67.73168627  
506.1578325  
96.50048652  
501.9224662  
147.2482411  
353.9911707  
344.6557826  
212.358478  
208.3258614  
680.5967657  
298.0780317  
103.0070736  
140.8392467  
225.0570506  
279.6005192  
12.16668016  
188.0970401  
318.5811652  
92.18895963  
66.60844395  
54.18958589  
14.14562545  
112.6989766  
88.55010661  
82.33749904  
10.04261167  
45.48902747  
32.10059562  
37.06406402  
26.67255328  
5.329831809  
160.7200255  
213.9237934  
153.503081  
81.99395423  
93.50595721  
26.66205157  
39.14555606  
149.1618945  
130.3084837  
6.052508517  
109.987502  
60.32223916  
40.56537606  
40.07181089  
12.35747176  
220.3860971  
26.85846025  
8.85567857  
15.36095745  
11.4637606  
53.21189909  
123.7638563  
5.473479586  
83.03214755  
244.4010398  
28.72803634  
16.70682444  
23.56794394  
27.70626013  
1.48566063  
14.60329598  
10.62651914  
16.83267495  
34.27414894  
17.38039899  
43.66340388  
21.68526111  
76.45671019  
