21097.07429  
6277.47699  
8792.72513  
2887.464148  
2351.780294  
2938.123725  
2917.340678  
980.2264319  
1129.579781  
1440.643852  
2320.661009  
9589.625837  
4305.896562  
2485.953308  
965.2088556  
5246.640279  
6385.714128  
403.6541709  
8694.371898  
3019.843193  
4694.58307  
4779.536433  
5477.68914  
1938.745037  
1313.171971  
4447.027069  
1878.009651  
535.775075  
3859.259661  
454.0205573  
334.2787672  
5550.826142  
452.6212524  
415.6164557  
1025.669804  
430.2099206  
498.4820458  
1531.176647  
1065.096857  
605.8200755  
838.2629039  
2558.143723  
8302.210648  
2893.029607  
648.8430422  
2368.971033  
2083.886585  
306.4415376  
1378.079508  
64.46204377  
617.3363715  
2481.401917  
516.771417  
1211.143235  
1135.117563  
1116.509325  
2076.852877  
1916.971884  
1002.669517  
1153.552888  
402.2212264  
2049.200004  
63.80250423  
239.7684201  
180.8266858  
180.822245  
127.8746056  
43.36939462  
22.90267585  
588.2469629  
0.03941276161  
485.0087312  
380.8426547  
24.13188933  
155.3858  
261.2284567  
84.74395343  
84.56861681  
65.94700088  
356.8576298  
73.53709703  
153.241683  
154.4900831  
134.8280572  
17.11154439  
45.70536259  
119.7770528  
227.9763676  
97.8101148  
116.2049959  
4.165166228  
25.74591639  
22.67053855  
1.759644971  
183.7564162  
6.592148168  
33.84425704  
46.13695606  
30.37973263  
114.0284433  
19.08716277  
26.01757334  
37.02177892  
30.53473979  
9.679818434  
26.45207142  
14.8615733  
19.57122287  
72.03965691  
7.125430291  
83.78668945  
14.55739335  
16.58449586  
12.37899585  
54.84985627  
46.44743111  
68.90111559  
12.15719563  
17.11552019  
18.46259384  
85.34961239  
13.56799951  
1.137159053  
16.56152157  
83.42722751  
2.680520292  
8.892073199  
4.83321987  
2.663470522  
39.7390379  
12.62073372  
37.76012178  
2.691622026  
0.8829784179  
21.92811048  
13.43007267  
4.115998513  
0.3364538563  
15.71680835  
0.163700354  
0.4897885582  
1.954093437  
4.242750635  
18.40435862  
1.624295799  
10.90197653  
12.28036647  
17.5593166  
11.97263486  
6.970739444  
15.23460669  
1.080445326  
14.04796401  
19.11809921  
5.393695002  
13.54947535  
16.32596435  
10.35709664  
5.015041755  
3.808763245  
27.39709752  
34.68859491  
1.100830867  
19.94279568  
17.98971112  
23.24745625  
3.879432185  
2.615495376  
17.6255949  
4.528699426  
6.240400886  
26.66813831  
1.590430879  
5.726691883  
45.94521863  
1.503782294  
0.2419326209  
3.590772805  
0.522881406  
9.424948905  
26.39315568  
15.13997954  
6.022973724  
17.29862136  
17.57594833  
7.173498122  
2.003133967  
0.2800262249  
4.339460173  
3.421560138  
0.8958193006  
3.652746013  
4.502665814  
23.67932416  
0.5793504865  
7.396012706  
15.15335774  
4.562440714  
7.120679603  
23.67559946  
4.667222896  
2.689569174  
0.7650055072  
6.153905356  
1.111468602  
8.278665319  
7.780244394  
4.496403288  
2.966017535  
20.48794581  
6.302642374  
8.204331992  
10.33228566  
10.90761289  
3.742098919  
0.1784449259  
0.6771758178  
0.2325567366  
26.43855637  
18.30127702  
2.360327474  
29.53292861  
7.82600598  
3.958274363  
5.236902312  
14.42536574  
0.4889414491  
6.883025434  
26.99295752  
4.851955619  
20.73283532  
5.562950649  
17.71274048  
25.29257395  
5.261891565  
1.248850196  
4.649106885  
21.13293349  
0.2619674998  
32.62143096  
27.98350865  
26.72160767  
27.51614446  
7.468620204  
13.0807793  
31.12753096  
0.7559102521  
27.30704622  
1.022743825  
2.220382032  
3.461025721  
0.02196014028  
5.837509474  
23.21601668  
5.222431293  
4.749977771  
16.69755608  
9.634827427  
0.9818738414  
6.911238755  
9.242584768  
12.17893357  
10.50355938  
4.301787576  
1.893936751  
4.576804322  
3.058481985  
1.885227442  
4.412007984  
2.160601505  
2.650269397  
0.1636033207  
2.317346019  
15.84818442  
1.042700008  
0.5369520936  
5.254661511  
10.60598146  
9.378465035  
9.95970323  
0.8284861007  
4.612759317  
0.3002295034  
3.181018785  
1.489138281  
12.45084526  
0.4238192579  
0.3743931861  
1.625301036  
6.164305991  
0.06343452303  
0.3697133785  
0.7425671184  
4.107449241  
7.795400149  
1.597641872  
0.7922359948  
2.606725965  
7.188370531  
0.001067126424  
