60161.57608  
12901.50027  
1786.425722  
3274.039477  
6977.25766  
5307.362857  
5508.34467  
8268.52556  
10705.55842  
6758.234616  
3929.092935  
396.5380192  
521.4287404  
1727.834225  
2115.486764  
1019.767907  
8503.584204  
682.7570865  
220.4238652  
3110.902776  
1197.756467  
187.527593  
2401.303351  
1344.170252  
680.4683855  
292.7722936  
110.2630949  
38.25357746  
1101.74751  
1326.505531  
573.7401538  
43.57305075  
85.70082536  
34.5782075  
916.520505  
387.7624048  
341.3922337  
454.3453256  
681.8154599  
1384.852857  
244.6188048  
400.9883539  
815.4922321  
659.7328172  
7.51355447  
541.8565729  
283.0252507  
67.99081109  
1783.365808  
472.490929  
0.4460202296  
316.7277272  
74.68705558  
546.1909785  
37.80155782  
65.50071701  
647.7132684  
117.8001065  
449.4917414  
540.3932115  
189.6787996  
322.4350222  
108.2351745  
243.7370759  
89.10159229  
224.5492035  
119.5146502  
12.48723731  
157.3200902  
928.103263  
37.84945635  
142.4657487  
1072.221699  
568.0748087  
45.43817617  
192.2620752  
70.83414352  
163.9772827  
3.08920265  
14.8264025  
49.13703897  
10.72181469  
30.67287654  
398.407727  
36.23385606  
358.0123749  
56.14235765  
12.19096012  
16.35923409  
37.339469  
146.5249676  
51.27877889  
31.70509339  
40.12709829  
52.26066364  
8.131982771  
18.41204187  
32.08439102  
11.23305676  
116.2227669  
127.6824933  
7.551915262  
155.1126993  
24.45653563  
46.62749447  
96.54970607  
2.972756618  
29.90025513  
39.52312565  
55.64283356  
122.0174554  
40.18575776  
80.00095617  
61.71298489  
61.92648784  
70.74176882  
20.15257394  
16.08667857  
4.519690893  
7.521166668  
75.49994679  
0.9932759675  
45.44730812  
50.2103417  
241.3095273  
34.24997935  
85.149206  
62.56044714  
35.01566789  
1.001076899  
14.97305766  
84.05399237  
2.560879614  
89.99180167  
8.409181144  
11.52849205  
19.73481152  
47.40137402  
7.033558207  
55.73743874  
33.25549334  
83.5329556  
76.90901741  
40.5587638  
71.81374162  
108.7708054  
35.05731671  
37.67621899  
2.43777364  
38.81142719  
94.27727398  
137.3780125  
0.8466380932  
13.80362608  
43.45767347  
35.43268453  
6.505470186  
150.5276486  
49.16665268  
8.052433232  
11.50620488  
52.27010834  
136.6098497  
37.1452579  
26.63972157  
11.66256155  
8.530005226  
16.7914856  
9.08935895  
13.78438203  
22.494956  
101.7167673  
54.54012329  
21.85967014  
32.68851156  
115.331158  
14.02884818  
38.5778683  
63.33412581  
152.3036173  
17.18360872  
63.7035558  
86.11081577  
1.834674461  
1.866815429  
61.13191936  
1.291660619  
10.99674967  
38.43434716  
111.3701463  
46.84556339  
21.35364721  
62.29024682  
58.14765944  
12.47579887  
16.05058522  
8.419792838  
7.613297298  
60.53148697  
20.96939281  
52.961594  
135.6418058  
51.7936347  
93.18123398  
73.39443603  
56.94855931  
84.80137755  
13.88100868  
3.916928636  
82.20494359  
18.18261527  
2.662173819  
37.42971109  
4.651730979  
48.97273583  
33.96242428  
75.77616305  
78.60643009  
126.9088449  
107.5581852  
51.82633726  
184.138133  
55.37232397  
14.82478147  
163.3830085  
13.87380338  
2.243705527  
69.58150478  
89.11576887  
53.30443206  
41.94919734  
46.933267  
80.7197243  
35.5914643  
40.04155237  
33.89295741  
11.75787167  
14.40007199  
11.42885568  
28.77795294  
19.19398445  
15.50764491  
64.54283529  
20.80470106  
40.54311345  
0.355956527  
51.22223692  
0.5891188586  
8.383817998  
2.47321166  
35.66590518  
30.94944463  
13.96102942  
72.05363542  
39.06589156  
25.04944352  
42.90896718  
26.39956572  
7.114834432  
4.804483803  
19.14652156  
12.39778762  
57.80238198  
0.2642604899  
26.32290706  
24.87343407  
25.49972603  
4.537842433  
21.31416604  
17.9677676  
29.60873263  
32.34154821  
10.26098087  
14.61059185  
59.8419411  
7.551083144  
5.660702734  
55.71000906  
6.024135474  
6.795567086  
7.21852263  
43.15311127  
10.33772815  
5.135401188  
8.954265736  
53.06253624  
10.13030787  
12.87159656  
13.69888449  
12.01174322  
11.60139334  
0.6364855829  
33.99832013  
9.896880308  
27.56759561  
3.97620974  
4.70633386  
21.4017712  
6.287445102  
0.3510641148  
