61015.01567  
19921.69665  
2012.525002  
2406.962942  
336.645253  
11939.86791  
2263.076378  
4689.05077  
1331.369889  
4596.482165  
512.0407293  
3215.22589  
2126.669704  
446.7423574  
2565.952687  
3441.241864  
3719.659891  
1180.837293  
615.606423  
1226.155796  
848.8838518  
2005.88681  
1606.201498  
764.5158513  
1124.167845  
2044.613433  
495.2902986  
2726.89471  
1749.533905  
755.2387482  
3574.639347  
519.1198778  
50.62675729  
1138.933602  
807.3182456  
56.90763181  
776.3576232  
1468.602607  
313.8644815  
888.6167753  
571.0650396  
563.4903253  
2043.36153  
437.3190535  
647.8764295  
1117.650159  
16.01687515  
552.233964  
144.6537522  
842.184587  
1027.943948  
1043.062704  
235.212906  
156.1726862  
1015.371127  
51.25073937  
271.8912296  
2093.831193  
259.9819515  
1001.728365  
536.6450724  
22.90431136  
88.88363235  
80.60822548  
552.7393047  
428.5480368  
316.4238444  
181.0307306  
70.0189141  
763.0928491  
234.5256457  
122.7652386  
299.4022326  
479.2220806  
179.6287986  
103.05255  
186.5436361  
78.92134943  
36.70479143  
205.376467  
219.9875267  
113.8439311  
150.7759843  
385.5742594  
54.53008929  
19.86914193  
30.26048593  
178.989257  
730.8435265  
57.43092879  
43.32881418  
60.36818878  
48.38768736  
96.69742132  
142.5108608  
143.1714635  
107.2990542  
237.7061275  
8.164192402  
58.67730088  
30.92548233  
45.82717127  
48.33190904  
41.77768159  
57.88686949  
17.82694917  
15.24465017  
20.08537628  
63.93919202  
13.61112895  
7.836558251  
108.2620793  
34.82376732  
9.67164597  
71.74284792  
9.379863772  
33.93077633  
6.809477942  
49.02335232  
78.16692101  
75.05255958  
91.07609725  
43.26516369  
35.27439746  
1.081331542  
2.795067834  
36.93757695  
20.39065508  
6.029722864  
28.41068873  
3.309863882  
4.382594042  
65.68957476  
20.86400743  
0.06720641426  
1.2843942  
28.78447077  
13.52399686  
23.26937402  
17.0480219  
31.19870548  
16.09045579  
43.03027108  
3.623689357  
71.69353966  
3.157898852  
13.90578268  
23.1810232  
14.74291088  
20.6548737  
11.42444418  
2.488402303  
60.24097518  
69.10845482  
5.792558802  
58.3443228  
21.97878155  
17.83377  
20.34350525  
59.80344239  
1.632396827  
5.262435496  
18.15338416  
2.739435919  
2.755953084  
36.37930033  
30.38016745  
38.21363982  
14.84250139  
1.711973912  
6.894417793  
2.71712616  
8.40752708  
6.855547833  
43.39972149  
18.31817592  
11.5577234  
8.900826733  
31.9261805  
5.40517682  
9.740108826  
1.652386908  
64.31740032  
9.153695236  
0.7560565876  
9.780131879  
5.00700875  
25.36401669  
12.38436027  
15.05627662  
8.32310914  
28.50009543  
4.787151922  
2.124499706  
14.66537861  
12.85420732  
8.484350025  
12.6148559  
0.5127185563  
17.18015769  
44.23309363  
13.90067233  
40.70727782  
22.60544133  
46.74895811  
30.84352506  
6.023484237  
78.77449106  
9.513841935  
18.31290279  
38.43878748  
13.31568395  
58.65644909  
11.13617888  
40.21106903  
1.399071298  
0.468941111  
43.81062245  
32.00174185  
17.67188843  
15.50099571  
6.969755953  
4.964226562  
9.68240691  
92.46941269  
64.36721966  
69.55179908  
60.5945911  
24.59574877  
15.62561942  
73.05244197  
20.53938236  
59.55100216  
30.53108842  
42.40430736  
27.89218834  
29.65984787  
27.57051482  
138.9038844  
6.480577454  
9.313753096  
24.42753625  
13.60179914  
14.25247017  
56.47779634  
36.13581221  
15.61495707  
37.69757391  
14.17091413  
7.860300891  
0.9791133136  
7.775345922  
27.24147879  
16.48439611  
2.588130914  
8.406871833  
18.76097278  
1.464605286  
19.93050464  
0.8211991296  
15.66910469  
8.516613791  
13.32667975  
0.4208044308  
4.026410265  
7.587216799  
5.949196808  
19.0475797  
25.69208012  
2.316430643  
37.09355648  
10.36254551  
13.30738405  
33.86575138  
21.67342167  
26.49952444  
4.857568499  
19.18245682  
14.43089404  
2.512187766  
14.83979657  
0.8107794653  
6.766015126  
8.927844436  
15.46163743  
2.540060778  
3.949575468  
25.96980565  
21.48233954  
16.66337918  
6.752850258  
36.51494087  
46.54125577  
2.842560325  
5.970623722  
1.385366038  
7.582620326  
72.85717782  
45.39574163  
15.88004013  
