65250.831  
28667.46328  
42287.83524  
6164.738368  
74.26552896  
7344.912738  
58.03598138  
1578.040335  
641.7837234  
190.0598427  
2633.122065  
505.3891868  
982.437235  
392.2723799  
361.867777  
334.465495  
66.45323824  
1293.214308  
390.3996332  
279.3251519  
5.753283677  
136.9887082  
98.29169997  
10.97114054  
102.1985367  
612.3298287  
234.0095167  
185.8850601  
459.6003306  
14.69989523  
34.81639681  
377.7146786  
156.7899232  
1227.635646  
457.6438697  
8.467163322  
85.59733598  
39.70307748  
388.8487953  
44.98978045  
182.2401692  
381.895994  
199.1732736  
199.2126593  
190.2631842  
130.925861  
135.6095967  
88.36609273  
199.634565  
51.46522317  
49.85734558  
442.2991209  
228.5039684  
129.0893529  
86.14210334  
179.1882951  
86.73218776  
202.6119071  
238.7539777  
94.73092912  
409.0658095  
51.29689944  
160.4526052  
86.03806155  
77.51531867  
171.2586875  
60.1652041  
39.74748603  
74.64813274  
120.0777193  
63.47008069  
29.31657064  
151.3663283  
22.59564814  
83.86709458  
192.6440241  
4.077501042  
125.2888556  
39.61482553  
15.08506384  
41.13590316  
29.77793783  
64.27405228  
115.8169528  
55.36216725  
153.3780321  
27.54113368  
38.24391209  
139.6503434  
16.50802002  
47.38972183  
94.52644645  
41.45637023  
2.881629288  
102.4214515  
252.5896947  
17.77196314  
40.03491756  
45.67935807  
4.130436716  
18.02271625  
20.22994361  
22.42810559  
3.966045013  
107.7898644  
22.60670662  
41.63045429  
9.938681997  
25.86888211  
3.340002125  
5.420791229  
11.45905868  
51.03443806  
5.589258387  
48.07128219  
28.29466916  
1.95774494  
10.42032784  
60.22555011  
50.39170435  
16.18320112  
171.7494497  
108.5061829  
31.1480623  
90.3569555  
125.3199309  
7.667105772  
32.11357037  
54.3371079  
24.42117424  
11.55718378  
2.168804906  
60.13131732  
98.22155664  
128.0279397  
27.41024944  
42.13525309  
61.30995598  
27.8117864  
122.3901583  
86.66528319  
20.21355863  
8.310866355  
18.2727125  
100.6991367  
68.16783744  
6.674665934  
8.650092233  
73.12086191  
0.271018459  
8.593714935  
13.84676555  
36.73121342  
81.55375499  
30.95353187  
0.08945612189  
26.02997229  
0.550563393  
72.69619328  
5.884270656  
6.043594331  
9.597514637  
14.90931708  
104.9160728  
42.39540015  
43.03418326  
43.06706005  
33.79970576  
55.29712258  
0.0350224792  
61.05515489  
51.36134604  
4.434650886  
20.51368896  
32.73843633  
18.04310574  
110.7853392  
3.668809785  
54.42467593  
0.2696489981  
133.4342766  
44.32602583  
74.63404604  
11.28912658  
33.25293428  
14.77751316  
17.44972068  
0.6124827008  
13.2358783  
4.883430997  
39.02402419  
201.3183497  
229.3306764  
2.364573215  
22.98005171  
21.80842293  
186.3367933  
2.768171693  
0.01916090452  
27.96528819  
29.5748397  
26.45467887  
25.52685259  
69.24139769  
242.4205828  
73.19849439  
13.08468587  
1.308462588  
49.67404099  
23.13694094  
39.24606255  
42.85529705  
59.16835893  
29.50293625  
122.7848006  
7.931983473  
15.72510387  
98.6094365  
122.889314  
82.20540659  
66.93509403  
250.2660953  
10.03650756  
126.6460928  
88.73420684  
112.0850117  
41.40034112  
7.839577218  
155.3336087  
70.91189134  
219.6868049  
82.28343718  
116.7821822  
57.67140608  
26.4240719  
55.20637298  
101.9154638  
47.51385039  
28.88787363  
151.1834886  
164.8167084  
1.212960494  
1.198162778  
48.65655369  
52.16192284  
18.36218058  
4.980152715  
47.99477946  
35.32882835  
3.832982431  
28.70490559  
20.56481169  
55.06847033  
31.51314179  
184.6887928  
1.694256162  
45.55467599  
12.11013517  
8.23096872  
23.61732626  
43.68015714  
20.69255908  
7.727801432  
53.14414648  
9.609893858  
33.76497285  
34.28444721  
26.7487906  
31.81376914  
31.14956433  
38.99631422  
5.270404723  
4.52931191  
28.99932227  
11.90277929  
52.67394074  
38.73731903  
8.716793562  
9.759924414  
26.98965127  
9.729108263  
5.523402758  
58.31369646  
44.62510359  
1.896129547  
14.51191204  
1.981203578  
20.3235013  
59.61344078  
12.65156884  
6.065554902  
51.98391374  
64.63136313  
15.86234779  
11.23334978  
24.98031699  
50.10725407  
6.309717614  
0.5861328784  
1.537126485  
