84980.63068  
19430.29555  
11837.33221  
3075.9412  
2015.818692  
417.7249957  
727.226576  
14.55972577  
878.5084926  
1604.906778  
123.50703  
2.21176622  
132.1745189  
76.34127765  
168.5207645  
39.0452609  
278.0438675  
4.421112323  
175.3778525  
37.08243852  
10.65018476  
145.2868291  
329.014798  
321.0659535  
157.5293554  
187.8818006  
1.881421346  
80.98220694  
88.90017007  
112.2163974  
104.2187182  
601.9269278  
98.19653812  
109.3597222  
101.7307714  
25.37471563  
215.9920241  
23.3735274  
19.12312295  
834.5728839  
79.97794973  
56.25410577  
449.1381688  
427.6523604  
247.9475967  
245.8927328  
53.70006241  
134.6737131  
1.760319689  
172.985717  
136.9218916  
633.8148037  
33.09307166  
160.6592574  
38.7287128  
494.9854403  
47.87024355  
76.15511749  
161.3395509  
29.54233346  
104.2904463  
1.212258982  
330.1568571  
241.5864613  
85.46786648  
335.409111  
112.5538244  
655.5074484  
101.7288362  
160.9651585  
155.7553267  
121.924116  
24.99145204  
434.3402689  
254.6237993  
183.4698382  
419.1603223  
134.8865971  
356.6003035  
398.150556  
1.609525455  
196.4473747  
12.32667933  
120.1452544  
171.4909698  
132.4205816  
53.38802532  
162.4174586  
41.60913511  
103.7359018  
277.5086757  
170.5474124  
153.5854076  
91.11498488  
1214.234899  
62.14631777  
43.43027031  
56.06566966  
509.4943478  
90.31123093  
15.66075678  
30.2099209  
749.8850342  
122.6402646  
32.03425982  
87.10899173  
54.53328235  
129.0654605  
265.2986774  
184.7551273  
142.0812113  
39.09806529  
348.1514468  
183.1183957  
21.94640339  
252.9106776  
376.5542389  
8.832562212  
565.6452222  
120.421137  
71.70314931  
147.005091  
27.19906808  
188.2827924  
372.8108307  
89.24116652  
229.2868303  
136.1334858  
51.64239866  
21.4655328  
282.1106533  
97.83731608  
85.40206552  
152.5129388  
199.5679589  
14.35494729  
431.7618769  
148.1760443  
133.0288013  
186.1583894  
27.52352853  
492.1052243  
237.6416818  
8.532502633  
70.56221819  
11.36485703  
85.04309138  
43.81944247  
515.3347164  
87.70187942  
94.41662238  
699.8331529  
178.0898764  
129.1982905  
188.2611759  
445.3656001  
361.7891154  
0.9802921118  
25.81335382  
23.14535753  
152.8757422  
59.51737041  
277.0052714  
404.9422386  
23.72876935  
59.28006031  
13.86646393  
182.1194415  
107.6867204  
7.256288399  
154.4839401  
99.52095889  
84.44889584  
500.7053671  
9.967317931  
21.59588661  
156.4813145  
417.1276818  
41.23179376  
263.1801746  
215.9681611  
305.6111682  
418.1005183  
99.94313843  
2.052524304  
208.7843588  
122.9340876  
222.8132906  
264.7650513  
9.583110367  
350.0519682  
129.0056379  
129.3954235  
141.6865752  
21.20340978  
31.59349049  
102.7995958  
303.1512154  
195.9377287  
294.9905039  
237.2319376  
15.3032594  
179.3267867  
1001.185655  
619.3510915  
391.614579  
405.0145495  
248.4579461  
169.8958904  
54.35219911  
32.07136477  
25.98421522  
66.05976775  
353.1457436  
55.36960331  
140.5601333  
32.67764774  
870.6050953  
377.7668298  
415.0959629  
27.22183932  
262.1709285  
113.785728  
651.0949758  
570.5105845  
792.2757062  
216.1090499  
290.5703363  
587.9213728  
2.777715497  
1232.266677  
179.6623371  
624.3680275  
828.7800925  
133.345511  
394.2181938  
194.097824  
133.9248368  
137.4197389  
232.1620074  
162.8622743  
61.57884943  
192.5999977  
34.45963172  
158.985434  
53.56505022  
36.35318913  
57.61864882  
209.0659673  
76.98309684  
260.5793916  
107.4749383  
419.9957843  
299.9321935  
323.5793906  
76.17878418  
103.6432338  
349.4614895  
36.87248739  
248.9739061  
43.42016384  
385.617687  
209.9583934  
8.221418147  
381.1033041  
240.9067934  
8.794536217  
119.93627  
13.29635352  
205.9090799  
50.47071979  
28.24406242  
26.67814637  
1.80699683  
20.24277526  
162.2399866  
273.742758  
70.84902911  
107.0202235  
89.17746477  
3.720863713  
231.8642691  
115.534458  
252.7788528  
79.25949856  
61.81630653  
57.46344148  
111.2641885  
350.6195958  
57.37356187  
26.4815263  
292.3036544  
38.94033283  
285.2606069  
35.40312367  
26.56660216  
45.78463389  
43.0520889  
158.7754892  
66.36634722  
