30721.34447  
15678.95482  
8934.325249  
223.5619881  
1454.95355  
2819.347312  
491.0034169  
33.3720889  
19.61702905  
991.6702528  
500.3663556  
599.8955335  
1472.63852  
2485.384334  
215.2886399  
218.9198177  
528.7136332  
940.2176623  
268.086431  
2905.634562  
758.0057711  
275.3648683  
734.6869207  
731.5067205  
921.9471999  
517.3132366  
109.6587307  
383.4699335  
87.33829072  
55.30111132  
1780.323619  
221.1421439  
5.360669983  
846.9460492  
333.8729793  
1145.510065  
207.5137267  
36.69972894  
489.3207793  
1869.603999  
144.2054679  
1419.68216  
356.087576  
305.5113475  
16.53889425  
459.8914699  
366.7293641  
99.28007329  
889.8087004  
86.3894063  
323.1145193  
393.8731965  
268.398192  
280.2677826  
363.9245589  
1079.766963  
811.8970858  
666.2496458  
185.4871627  
286.7520168  
466.6784225  
151.6753539  
212.7475061  
255.3845643  
718.2933372  
211.936153  
139.2627463  
1775.559549  
363.710075  
110.4627142  
143.0907457  
209.4987124  
537.5410126  
189.0632776  
109.1165739  
88.72155644  
10.60364297  
192.3301178  
95.21414628  
71.19655338  
1293.777781  
1515.799325  
1507.45176  
654.481902  
584.0318398  
334.0327318  
15.47024603  
56.49073785  
983.2120838  
24.06261892  
260.4063736  
92.45078593  
227.2686762  
8.831569447  
254.8833325  
244.8435834  
199.4196192  
542.4720016  
181.2534643  
1086.094426  
86.53000956  
419.4307181  
667.6189017  
239.0078231  
913.1356527  
53.07806021  
72.31691339  
212.3918051  
401.9008302  
431.9295635  
27.15971721  
219.4350588  
25.28922085  
450.0316208  
200.219805  
118.5379449  
185.8983918  
525.1407493  
303.849808  
181.5178382  
547.5948221  
34.49562935  
449.4137339  
64.14459633  
97.53977845  
400.1332875  
48.3620128  
217.2055431  
32.49597066  
37.40619204  
266.9448408  
2322.173415  
145.9474185  
572.9306054  
242.5619964  
64.72954938  
443.403604  
102.1173102  
603.9268062  
63.71847636  
373.1320256  
270.6854875  
14.78861934  
191.3119051  
135.83633  
334.7223064  
127.1810141  
55.50727622  
1241.200683  
138.9837135  
278.8737919  
75.79949544  
355.0547532  
750.7958295  
666.5878465  
71.97263126  
128.6526014  
103.005728  
294.8676913  
144.7836689  
529.1627266  
374.1411057  
1186.93908  
316.668615  
615.519009  
310.7745764  
342.6998299  
951.2192042  
604.9992382  
42.85157959  
247.4969886  
466.2424988  
278.2855154  
37.55518901  
300.2817699  
174.0671488  
167.1204135  
653.5278005  
643.6583607  
123.9456044  
249.390436  
115.7272558  
1651.376234  
295.332002  
44.80201838  
179.2273491  
782.8434561  
50.21402462  
818.0400282  
54.77255602  
12.59543814  
638.4845746  
203.2536215  
360.864424  
847.0085763  
890.358834  
547.2991785  
4.773949547  
269.2517537  
11.28437673  
135.5823515  
70.59144694  
73.38357426  
22.29886011  
462.9535031  
170.4613781  
33.66907258  
141.5680413  
953.8053114  
47.85245367  
522.9412442  
344.8428215  
69.78407454  
106.2066254  
1049.48731  
62.45050314  
23.51011414  
194.9758111  
455.9204022  
475.003513  
57.95289415  
541.1834291  
245.6456218  
1563.08083  
1323.76756  
429.8717047  
299.7104915  
812.8530569  
507.3190352  
16.93221963  
1629.464691  
785.6983142  
1372.766407  
237.4337825  
97.63212027  
527.2292931  
263.4265146  
690.3602404  
717.4594288  
1147.518294  
19.05338271  
125.6188603  
402.0019518  
216.6379727  
454.8629473  
200.8182545  
853.4665476  
1032.86925  
237.726667  
141.9530265  
359.960741  
166.94979  
129.5914148  
6.386182778  
834.6585038  
152.7893067  
7.824799738  
39.38077354  
241.6677949  
7.784805603  
19.4334059  
104.3143586  
285.5169856  
177.043812  
59.20131874  
356.0365932  
821.3269206  
95.53621041  
670.0540892  
294.5145639  
298.1481637  
68.50545274  
1073.115386  
85.27715988  
30.43079039  
1280.702235  
402.3302612  
234.1258572  
16.81133754  
16.70156705  
151.0393928  
809.4053238  
287.0998786  
246.9971804  
91.96924086  
416.7045789  
239.7762309  
131.9855893  
745.8809669  
289.8572984  
45.04482638  
180.3846519  
950.8391522  
81.44719774  
266.9218105  
386.4048994  
597.9794133  
456.5914135  
13.38516262  
656.4736735  
