25050.64861  
18070.33753  
3989.620818  
272.7620023  
65.85060926  
917.777981  
321.4642118  
3486.524601  
604.2089156  
2668.904156  
195.8629174  
152.5827189  
322.295352  
141.8480573  
47.83435679  
1029.857693  
728.7961501  
1258.360117  
827.933555  
177.3608477  
547.5701341  
150.3310444  
301.0717121  
167.830795  
227.842748  
36.76633645  
44.39579034  
705.1492553  
158.0870977  
1100.244007  
466.4080201  
263.6133495  
1421.979918  
2106.323165  
85.42858872  
668.692401  
189.9430257  
300.7163467  
8.114885917  
2581.451467  
2041.972245  
1458.346805  
481.5132044  
428.246659  
201.8269901  
640.1075888  
4565.950927  
2781.281385  
1043.95138  
747.5798966  
392.1414284  
697.6954395  
2061.421732  
1778.737727  
13.2034941  
884.8769358  
798.594956  
177.2181363  
146.649509  
1041.0627  
184.0301129  
307.5161867  
665.5207827  
1800.883365  
771.6211347  
187.8998256  
142.3678623  
2900.205814  
1355.227682  
825.6373324  
1143.54697  
93.7089433  
1994.822154  
1082.695853  
319.5600515  
1760.583352  
1129.430703  
1872.512525  
110.4006025  
885.080906  
588.043517  
304.7505953  
141.6576513  
750.763653  
1827.827768  
4588.741107  
423.9252109  
109.6371878  
1773.121782  
95.08136356  
554.7483806  
243.2895989  
138.130932  
50.40555414  
2953.300993  
14.64498842  
946.0132099  
497.920489  
1762.508204  
842.8206236  
235.906437  
4.058154799  
26.10400148  
375.7687571  
153.0703166  
274.7973056  
1418.476245  
224.8542576  
170.994743  
103.820147  
59.20338255  
260.4805902  
65.9601468  
47.72723133  
54.58084853  
263.8736443  
61.08371291  
689.8546583  
454.3385539  
391.7127768  
486.8907779  
543.2618089  
423.9688144  
40.03219347  
209.060391  
187.6166307  
85.06100918  
161.3616124  
188.4901357  
1155.523836  
48.38862362  
2216.828738  
177.2582375  
774.1748749  
512.217686  
138.4127631  
603.0498459  
138.7139436  
167.6684847  
147.1830945  
268.1915827  
177.9286408  
615.1458121  
303.8463389  
49.34760326  
861.7683286  
169.7348671  
195.9349417  
337.7443039  
7.094855598  
26.708116  
431.2766632  
189.8970622  
1198.725229  
529.1010251  
1095.07269  
85.92279308  
61.95230389  
142.9959261  
1098.795432  
545.5339833  
750.1429859  
1336.459065  
646.2599931  
239.1472133  
683.0831007  
86.05601157  
152.276984  
49.18064876  
176.4572971  
753.4049571  
528.0778984  
25.26573411  
25.25688841  
213.5813107  
22.78073187  
84.17177423  
166.1812328  
704.7727384  
283.4857701  
449.1644099  
357.1887743  
656.9133986  
475.7355021  
17.02582251  
402.1847894  
263.6854082  
132.0391524  
173.3901692  
81.64935411  
369.6970142  
428.8824814  
223.6441735  
860.2167796  
123.4124492  
225.1670411  
184.7270539  
457.8092873  
13.25329094  
410.4595664  
44.8689293  
246.9254762  
86.11346979  
96.76707199  
244.9098025  
34.40068836  
1.595775903  
154.953678  
110.4136912  
83.68641082  
202.0685682  
309.787126  
150.2245909  
113.9424317  
119.7131323  
317.6001088  
13.24508187  
271.6843892  
20.46424335  
25.75426747  
50.89548443  
71.62072428  
15.73549169  
38.89981333  
102.2689599  
155.7117161  
249.5770732  
183.3571778  
85.40273159  
18.35915983  
150.024634  
35.11537928  
110.3413856  
78.87692791  
3.234063576  
89.26220678  
342.4813451  
475.398021  
436.6412355  
124.8457653  
126.4124547  
111.0053399  
9.559850975  
77.45727571  
97.14503719  
618.9880957  
128.5027912  
74.87787765  
51.47894658  
168.4487838  
74.05138606  
39.82450566  
374.2964999  
573.9395934  
166.8472245  
40.78553431  
373.239766  
395.4163048  
63.72195385  
110.8432228  
8.052887501  
16.99613702  
75.02340238  
0.3530259383  
61.69001156  
12.06692383  
3.978221757  
3.910003052  
13.59576346  
6.798332831  
40.27761429  
46.64224538  
36.84840206  
3.432334392  
108.9757045  
90.55208633  
70.17348753  
32.07457826  
108.1800138  
10.00145747  
2.067519635  
7.021182116  
40.52480956  
135.5284776  
101.1814994  
61.8257576  
39.78012538  
11.43187226  
83.66323897  
241.5477926  
23.71492217  
286.8842421  
662.6242166  
239.5519761  
8.399517977  
97.56761379  
207.4711065  
40.02863439  
51.55929773  
22.8026605  
