6548.603064  
4542.141611  
8066.276159  
1386.424913  
5406.969722  
1282.621292  
8135.80837  
22695.82801  
3617.064618  
9184.441688  
9791.678653  
1139.484514  
397.4249778  
2780.733177  
1929.993587  
3495.686422  
134.3635107  
91.44951415  
3752.838195  
1983.414511  
4091.48571  
4308.108011  
150.920877  
2551.636646  
3998.204758  
1781.573856  
651.4554487  
2982.190603  
6134.847446  
2763.734433  
553.3789524  
1602.370941  
2736.973138  
3723.300481  
251.1377643  
1269.637495  
1010.657484  
260.4482078  
2821.294912  
963.8417173  
132.4470196  
271.3538462  
468.8302804  
2363.412257  
748.6503556  
42.12153622  
107.0336063  
2676.607814  
2593.877293  
1050.364753  
1373.92735  
717.3982264  
471.4540053  
1676.320164  
594.3146378  
662.932552  
834.3849537  
241.5273598  
1285.130071  
946.4188065  
306.2184047  
453.9147517  
233.2747711  
1090.429221  
236.0476237  
220.4596938  
1330.199001  
134.3376422  
798.7815698  
1496.343536  
33.62125064  
1066.506812  
60.27365204  
533.3024456  
319.1399468  
1018.513859  
50.48027424  
68.02995106  
196.1851089  
57.6799653  
177.2742462  
122.120507  
59.50825432  
190.2518428  
229.0365997  
84.2344076  
114.9803855  
38.56973413  
466.5187806  
19.7981338  
95.59976367  
113.4679995  
348.9031964  
5.247235879  
82.48526649  
253.3212417  
66.24093572  
341.2355232  
37.45267482  
88.22529412  
157.4844267  
59.90430963  
7.954010229  
59.3723206  
52.58770969  
59.91959931  
15.97761134  
42.25495011  
67.38489702  
33.30580675  
60.24463814  
36.21823181  
20.93896236  
20.46690006  
156.2940742  
1.432410246  
32.14202454  
89.50952825  
0.7068812905  
24.4179575  
10.33519434  
69.92776067  
108.3893724  
58.78300836  
67.03421018  
48.75467264  
69.18979294  
143.3014493  
12.64790912  
27.40134734  
75.89585982  
38.08822979  
19.84287218  
13.27318058  
44.46756189  
5.346703723  
5.600789949  
23.73619176  
10.46672514  
79.7954584  
76.11827567  
12.36952536  
3.885236207  
38.3981302  
133.7372901  
29.64180802  
47.87237916  
3.476739329  
51.35171059  
1.650337266  
10.95444064  
115.386208  
32.52843047  
109.0095724  
108.244559  
38.58889338  
113.2457782  
25.59639705  
44.73470329  
12.02678959  
54.92387605  
28.87576735  
16.62321557  
34.69793754  
54.92202662  
26.79673861  
0.7111088118  
40.050173  
3.618851636  
1.27896638  
0.6992972332  
37.70848353  
3.704265299  
71.26271227  
112.5058529  
11.07926402  
17.54839691  
5.061249909  
79.99945462  
29.33228568  
15.26588777  
6.368463698  
79.74438797  
33.40590149  
6.983470136  
6.104708816  
1.137804946  
65.6466075  
43.57064826  
38.80079521  
20.05951113  
30.06129451  
49.82625536  
58.17166597  
12.35412874  
11.86571791  
1.831537445  
66.02830316  
2.30930783  
3.644988049  
27.77244718  
77.65786725  
35.08800803  
2.91383192  
5.224775062  
62.0693698  
13.43302935  
4.057079257  
43.4812898  
4.342762153  
23.20465668  
12.89432912  
31.16432017  
15.96267763  
22.64065781  
28.45425148  
6.939544059  
6.94509204  
47.44545038  
5.158965755  
15.16065504  
27.4394695  
19.59811455  
86.70474607  
170.0959943  
62.39797311  
84.06451053  
13.17448498  
18.7808581  
20.33756749  
29.15243947  
11.37157805  
58.40556563  
58.03267946  
90.95516041  
78.45551088  
41.54615501  
78.26009614  
20.3457818  
23.80725946  
32.67083835  
0.4061557943  
29.66745149  
58.76516949  
80.0805086  
21.84239429  
11.62777502  
58.88792174  
4.72227084  
145.5637411  
3.340045874  
6.94780377  
71.16900652  
61.08378136  
36.53539679  
55.11343498  
13.4806958  
7.587012362  
9.287970163  
10.42119619  
97.15743197  
0.08398038538  
28.59709343  
0.2596216048  
1.04404627  
32.73459694  
36.69414625  
0.4534610603  
21.88076164  
4.087519859  
20.53274476  
3.086448499  
1.0608395  
9.937842464  
25.70404411  
28.64491342  
13.26995541  
4.727974011  
44.82048207  
20.16466229  
13.88654053  
6.072947525  
20.97596948  
16.04864357  
3.006719686  
7.977242669  
25.41347336  
57.69379775  
13.29220922  
46.68359761  
1.038602422  
26.93939582  
28.22894672  
21.34972722  
19.35227573  
5.033283073  
7.294949359  
41.63210004  
9.268696598  
76.74580103  
