129835.0916  
11576.49642  
16145.40232  
4624.594263  
2140.617371  
385.0505075  
1397.910435  
1879.008429  
1603.584265  
75.99811389  
11.95514747  
1084.267572  
457.890325  
54.88896568  
175.2163228  
651.2845735  
823.2366218  
249.7472108  
5.852336793  
94.83933269  
224.0482132  
52.99028426  
54.32994338  
20.35193665  
100.5786576  
264.8785257  
87.78965104  
56.95484532  
77.54274424  
117.1599267  
126.0723184  
157.5749123  
81.58862511  
179.1648485  
194.4932507  
32.00689467  
49.28021991  
117.0115887  
39.3750643  
39.96171039  
44.37020841  
115.7423824  
22.70987401  
105.8116176  
29.34754689  
112.4518925  
48.64148235  
14.49158489  
79.79078509  
55.51749918  
64.99518465  
8.630152586  
19.93265645  
3.241719067  
164.739847  
53.33046512  
17.93011043  
44.03210756  
12.05968079  
81.18116501  
139.4436872  
0.8979272802  
2.888879458  
14.85128532  
57.51311181  
5.771475176  
3.502080324  
6.00980552  
45.88837981  
53.35401474  
14.25714677  
5.949047034  
0.2282973285  
1.551733253  
14.05408326  
32.30460201  
13.34792488  
76.98885367  
48.33120571  
2.290862309  
1.524433867  
57.26782766  
32.37231745  
32.046056  
7.487737921  
14.96135026  
1.713465601  
6.099316627  
12.59567851  
5.274996557  
8.376183503  
1.537790883  
14.36280496  
63.65574814  
24.84813901  
49.43652427  
8.634470558  
5.248608451  
15.99175645  
38.65106258  
37.630403  
2.056912723  
15.29825257  
21.19439973  
10.40489533  
1.430400268  
2.825339022  
20.76913807  
7.887516399  
0.4703200441  
0.02869529002  
21.17560993  
25.69620638  
2.666322046  
1.013888527  
8.990172223  
13.5335944  
1.726350929  
8.475780011  
17.96149616  
68.37305418  
26.19129724  
0.6516725214  
16.93406263  
12.5756279  
5.079036386  
0.05578595402  
6.648399974  
18.78809378  
37.08502698  
6.978877742  
6.747978056  
14.29910581  
18.22953891  
13.09914449  
1.249212324  
11.13524317  
18.72204412  
19.50346031  
8.748465946  
5.151080545  
31.2824238  
15.64458735  
14.01435232  
5.548549111  
45.52451332  
8.880925793  
16.11907027  
4.818968886  
0.3139303709  
2.315780532  
1.610773734  
2.154206274  
5.138779702  
25.49268921  
18.38243707  
0.9407584461  
20.06692817  
23.99631606  
6.717078132  
15.0175215  
1.109005769  
5.035314672  
23.76770542  
18.19694227  
16.32328691  
7.384199259  
3.551960563  
6.647404079  
0.4512074131  
9.755395046  
11.98975111  
15.85751258  
0.9260982327  
13.03912251  
35.06315257  
18.77979368  
12.89012041  
9.270029573  
11.20749377  
4.036830226  
2.508747707  
19.86267722  
15.73346621  
8.999118513  
1.509934229  
1.726508587  
2.772686135  
2.339814174  
4.204394686  
0.21263693  
1.117689348  
9.611956181  
10.1980632  
16.0881877  
23.94985331  
40.27142445  
19.09871222  
9.1178326  
16.9595811  
23.85961643  
9.542392048  
14.54862651  
32.6436296  
27.29037321  
12.00213578  
8.902731996  
2.182961785  
16.26260569  
2.263850339  
0.8195381424  
2.282625165  
2.046559061  
13.23876179  
6.602889633  
22.9261684  
20.02727511  
45.18626011  
6.109580752  
7.336733775  
10.57426047  
1.784531801  
13.43081868  
69.35942936  
65.81527528  
87.48762765  
74.81562351  
37.70896356  
17.54922939  
0.1488361034  
16.27492165  
14.36040208  
66.03606075  
31.23938838  
58.40548006  
50.08464501  
34.34054519  
14.60480936  
39.37550772  
10.81788778  
6.27133591  
22.75949505  
0.6680213128  
8.278646185  
22.33832422  
29.06834845  
6.204117344  
13.62624577  
10.98804342  
12.10598328  
12.38663402  
4.799766832  
19.73252837  
19.73864173  
17.67321724  
8.241028738  
2.589434757  
2.074594425  
0.0003397776378  
2.267303983  
2.037933637  
6.369857049  
2.449938388  
1.368946508  
2.735857622  
12.77723848  
1.257974511  
3.583027063  
9.174044053  
5.256202928  
12.68812504  
2.740025158  
7.819349836  
10.74395608  
3.774315464  
4.699885725  
4.545905941  
1.789226811  
8.252561108  
4.080426909  
1.280129741  
0.876282474  
1.413637101  
2.426942545  
3.006846108  
0.9475836223  
4.878452503  
16.92970042  
7.361506513  
0.8278972622  
0.4618818214  
3.556809738  
3.121826299  
0.7343550681  
0.2969413746  
3.551668831  
4.77476854  
3.036555033  
0.52860166  
0.3364492306  
