49255.46809  
10607.95532  
12005.72576  
3508.995383  
6503.569734  
8992.946779  
4136.861093  
6202.558955  
1371.460555  
146.2540024  
2499.678506  
1506.697294  
911.1017252  
1075.932867  
232.1037597  
481.8262713  
4890.098312  
838.0613801  
2035.347509  
7119.442548  
384.128851  
4789.675233  
1529.087949  
2692.389326  
1079.107079  
762.4812678  
5.076859869  
685.079412  
895.6324963  
1906.929332  
314.5406501  
3031.486182  
136.2974747  
606.6477128  
441.615647  
1186.192778  
225.4916021  
0.5916215847  
508.6788949  
133.8186797  
730.4992677  
1652.04462  
2259.461918  
23.31494243  
381.3990706  
95.32882957  
566.1475675  
210.6851273  
1281.508706  
260.1637668  
57.59335425  
1116.984584  
163.0185143  
454.9053647  
548.615446  
101.9292034  
510.8976501  
55.35486785  
697.9257691  
910.341883  
221.8562835  
1278.406519  
477.0210091  
1577.121797  
42.19662405  
38.14358823  
202.9874778  
145.4387611  
158.8715402  
414.8593733  
69.38161003  
487.8325171  
783.8928794  
118.8445266  
41.41349683  
643.7812643  
27.6436778  
15.40836355  
452.9313115  
217.2056454  
328.1232321  
308.6082252  
153.567233  
76.98247036  
13.38307086  
206.5788003  
221.4723806  
167.8421104  
172.0564374  
160.4725834  
312.2609496  
78.20021182  
36.58385294  
37.67363613  
73.87329436  
28.63240706  
3.600341919  
264.0436317  
9.012564891  
154.7332275  
140.7247583  
44.05157045  
64.12483975  
21.35264822  
3.578912736  
76.22195339  
26.41343594  
136.1502223  
15.14586785  
17.18811625  
50.59704357  
66.1802391  
73.7907879  
5.60278127  
30.993678  
68.38078525  
19.39167591  
15.64995475  
33.6140099  
45.78049651  
90.25651768  
10.13334277  
42.31724419  
9.165440977  
288.9152574  
12.58270741  
64.95116879  
56.98189482  
114.349795  
45.59603564  
15.2895311  
123.1470062  
90.72114241  
8.416536697  
5.433805504  
29.1400101  
26.59000204  
14.9846064  
30.57666795  
11.35234436  
35.29973739  
86.30793549  
18.76824306  
25.48172881  
28.30154926  
19.30756885  
34.30511583  
10.01970732  
16.91484894  
65.96206282  
133.9807296  
92.88637727  
1.848893018  
47.32395836  
13.71862776  
65.72329087  
1.210590277  
41.92724097  
70.89957463  
77.29534312  
139.1121438  
2.394396475  
128.7726512  
13.85809276  
69.93393876  
2.387727518  
3.067194635  
16.9860902  
5.159838044  
36.77136979  
5.879188135  
12.6760143  
60.85342065  
9.484399729  
30.36226993  
46.75717988  
19.54048984  
45.61737439  
17.57070809  
24.4686619  
69.85537137  
20.13319612  
43.10600535  
40.41807538  
21.36573596  
22.14747702  
2.425130326  
1.664912508  
23.8022223  
108.2505883  
2.876288178  
34.78329117  
135.5041252  
58.20233473  
7.223729445  
13.10463904  
12.70224664  
71.19627363  
182.8369822  
157.8368249  
7.249829402  
182.9292673  
23.50762218  
142.8862347  
68.78240041  
90.95609022  
89.04989643  
123.2296846  
53.79444564  
0.02999787761  
55.65477549  
9.163289127  
83.90116435  
7.964533815  
31.64593095  
40.55041589  
16.8130987  
22.87898084  
48.99407552  
302.2297614  
40.92984586  
270.8634407  
260.6302424  
123.0534411  
246.2113537  
16.6010596  
148.2016421  
205.49414  
235.8333204  
23.60128187  
65.30843887  
289.1364847  
169.3703536  
133.8261307  
37.84290381  
38.04860015  
28.56868328  
58.26804908  
34.83208775  
74.66619313  
258.4093834  
269.8462483  
137.2251006  
56.94517863  
360.7366021  
14.63023347  
6.012547497  
74.69300683  
80.53959304  
68.88430232  
41.54467591  
177.1791691  
113.8263874  
49.5896451  
314.2115472  
3.830436945  
27.56877585  
200.6063004  
4.792362082  
73.84366562  
9.869092692  
64.40256339  
66.60647692  
5.914449968  
10.06523163  
26.06103505  
28.12097089  
3.643331192  
19.75583689  
16.90371684  
6.876556168  
23.63450638  
45.63335658  
2.431127141  
34.71447638  
0.09261834333  
24.31773958  
36.22963588  
7.250889158  
56.67112689  
4.178004338  
117.336075  
0.7457100767  
10.88442954  
50.3403712  
0.6456472486  
57.14525665  
13.59539367  
12.39429031  
16.72427681  
45.94052291  
20.42391813  
39.57898453  
29.75422402  
120.5963828  
7.173542143  
50.42152752  
58.57520285  
9.249567675  
28.37350789  
