112555.7589  
16214.50571  
11642.76574  
13299.43255  
3825.004367  
518.4864889  
1850.236558  
937.4299733  
233.8325861  
478.1244408  
589.7401465  
1158.852884  
123.9221382  
21.60909352  
141.0178318  
83.91350193  
1246.132292  
686.7620343  
275.930466  
75.281278  
306.8962138  
177.1882051  
70.30770896  
97.23514868  
344.2831655  
603.7114949  
51.00051812  
44.05503406  
340.8225067  
283.4820817  
134.5305008  
4.453662668  
396.7348074  
534.258816  
84.60947437  
164.1642567  
454.3711406  
12.59911345  
112.4129359  
103.9436703  
44.36492141  
16.39035732  
96.77619342  
29.3045344  
181.9144155  
125.6203977  
13.6385966  
106.4520146  
695.0629135  
12.65581261  
17.07444799  
318.180419  
16.38946346  
262.8828995  
45.60461824  
79.77161221  
35.86308354  
112.3567744  
62.26785584  
125.3254481  
43.23441697  
39.49742917  
54.31723248  
28.93267087  
28.07449789  
138.8711246  
93.05162847  
80.090677  
127.0078857  
52.79072169  
12.04781033  
1.704547973  
13.57469668  
15.86486764  
20.14548493  
35.45770603  
78.23309199  
13.5221456  
5.82964719  
12.5515045  
19.11420191  
68.80793589  
4.536521668  
45.29113903  
30.8149882  
54.98831263  
40.06315591  
33.79717441  
155.6428333  
9.268422608  
7.479258947  
127.6894012  
40.64169554  
4.418830479  
57.65209707  
35.12489939  
27.09808459  
0.263580537  
28.13866437  
12.1619308  
37.71845934  
62.02254073  
117.0214177  
53.65001354  
19.76900852  
66.3843245  
6.870759294  
55.6809298  
19.80098309  
0.2896699988  
3.740398063  
21.17362284  
65.21412516  
29.59297827  
16.77190884  
48.85161847  
51.08200442  
0.5734497877  
26.235317  
92.5169504  
151.4450433  
31.26411642  
14.33033169  
20.07566245  
41.73686508  
49.60613775  
33.57399072  
107.3488544  
120.9887644  
19.29930156  
26.82128775  
11.35210214  
62.96855477  
26.01968261  
52.99372086  
9.523238085  
25.88091849  
21.74969962  
38.82670504  
22.93913676  
18.63920151  
89.0448811  
11.42012368  
19.97933401  
0.7953568701  
20.95572799  
13.62622763  
24.15037988  
74.00593415  
6.146303814  
7.88501202  
139.676547  
27.8521279  
64.12715606  
16.62996714  
0.01776135516  
48.84994339  
26.94629653  
0.8219919377  
5.798387662  
32.25087998  
31.84403889  
62.41362084  
9.058789379  
1.369257635  
30.56547591  
15.55457616  
4.303749106  
32.46177397  
9.477809122  
27.41484175  
10.50064377  
21.82879269  
11.48896729  
5.179978452  
2.371482483  
2.641747145  
45.07190022  
4.570552711  
5.670346186  
23.24570814  
59.85614141  
75.63035188  
20.21633704  
0.5889223936  
27.49771053  
10.34480166  
22.17838152  
57.42340935  
5.536546156  
23.37163036  
40.11746002  
4.045297362  
7.186145462  
8.558235495  
9.25065936  
8.707215787  
35.78547463  
18.72802469  
67.65694665  
54.66025128  
15.57148056  
18.12676933  
10.20684808  
14.23014405  
79.03679826  
23.14525062  
21.74010822  
27.3649849  
19.48770451  
40.3359528  
22.03596577  
26.40815488  
2.061583881  
76.19566566  
105.0070176  
2.907107022  
23.62512672  
10.29756694  
77.73655314  
70.35076592  
13.20753587  
62.88433433  
37.84337258  
56.51455986  
19.07493627  
11.69363444  
22.86574082  
18.87083522  
15.34480855  
17.86648951  
48.14449618  
33.62759947  
28.67589817  
22.0009175  
1.039865411  
11.87963159  
131.3779862  
5.511647626  
41.30643773  
67.6156128  
6.087224308  
10.44762791  
34.94420791  
16.78135857  
4.618705319  
6.726037759  
40.7950238  
92.79633719  
59.01293578  
21.01005669  
4.527474946  
38.13914787  
32.39016548  
35.43393033  
12.74360533  
6.682390346  
8.470549481  
3.708710828  
3.595651655  
6.932312561  
3.315794094  
51.08423259  
7.993997205  
25.60134391  
1.404299639  
3.042831666  
20.55286345  
76.52741186  
3.713127063  
17.02657301  
26.79908576  
16.90084838  
11.6059397  
42.2778743  
3.30858065  
5.697173253  
26.15261268  
11.67248528  
7.959827007  
5.275449254  
0.4560861239  
2.819387862  
13.70025528  
16.22193801  
22.45427111  
14.10398378  
18.88582368  
11.5038647  
1.164896551  
23.02919139  
1.41916846  
14.11750653  
17.44939602  
1.931306472  
3.239151341  
6.634320078  
36.78651225  
0.6188255195  
6.606425018  
