102939.8584  
40822.8613  
9938.938972  
329.125668  
595.6666265  
4518.974332  
441.2101804  
919.8898365  
940.8441438  
619.5815315  
343.6165581  
759.1724958  
110.2277084  
97.89588674  
302.4133961  
1145.502279  
199.136845  
25.02155004  
306.914995  
125.921121  
303.6285834  
39.69411202  
111.9836995  
45.24538246  
4.712493296  
195.7507871  
199.257644  
93.55245724  
25.86790418  
32.89722122  
179.9810791  
170.1210346  
92.52910191  
147.6758007  
27.59191263  
14.80688936  
100.6438855  
9.013527607  
51.76458059  
129.3005235  
29.30197593  
215.1081872  
107.5139146  
113.67237  
123.5439442  
113.5641657  
125.9327074  
11.84233299  
64.00581636  
23.29932034  
71.76364332  
44.40143592  
95.58601816  
51.59217805  
61.9226038  
2.491285511  
99.30837979  
30.76010826  
22.82711609  
5.166461025  
43.28794933  
33.13921474  
39.82738342  
171.3116645  
15.20271844  
14.35362735  
46.78661629  
43.17936921  
67.84283898  
31.95947809  
19.58358829  
35.34180696  
56.97083475  
153.4590249  
25.9910927  
286.4946612  
31.31603552  
12.72549177  
105.2676474  
23.4208714  
43.30379124  
50.49494935  
4.31703219  
4.301467235  
51.57062221  
201.6412338  
24.0298688  
45.57432924  
62.48745725  
32.19874918  
50.22314276  
34.58386562  
15.66433525  
93.49409634  
14.28115458  
41.91281853  
39.68037997  
16.92458022  
11.35229182  
7.064687145  
7.826574865  
58.27889505  
4.580827428  
74.72660813  
0.7960995217  
39.63632006  
3.87006982  
90.78644308  
1.714035053  
11.20018791  
1.539912901  
47.95885086  
6.312930761  
25.51517364  
9.274947263  
35.57843146  
4.391661515  
6.656179358  
34.63724578  
73.28742068  
6.858118199  
6.458196714  
39.44531847  
0.9959646823  
8.721577799  
7.660169215  
51.78492348  
0.1269293349  
33.24055007  
30.03953553  
29.39682818  
6.823478959  
28.5490443  
48.30632147  
5.996769522  
2.883973591  
33.04857427  
1.269079357  
55.04017978  
58.90573303  
32.31277598  
17.48353487  
9.003602392  
16.70152171  
50.7909501  
1.973517852  
11.89283238  
16.04481158  
20.84629276  
15.98575571  
4.838964568  
18.81201283  
3.739503783  
3.523772644  
30.49446961  
16.89667058  
21.89750976  
45.62883059  
6.836334147  
67.10332302  
47.22264656  
5.827591537  
45.36829963  
32.21976774  
9.033900632  
44.7715144  
21.56300232  
4.099111662  
8.178537295  
17.76479088  
4.319824173  
22.41611262  
14.97274165  
37.89925732  
5.922190036  
61.15658128  
3.086749783  
64.09424212  
0.6227130565  
27.91190308  
2.858203296  
28.07228363  
22.05238163  
30.1249634  
25.76175842  
68.81904838  
27.63621141  
10.67079992  
39.59046105  
37.3475669  
14.37944752  
58.36937622  
19.7515073  
40.67349298  
65.84256367  
0.3620100919  
43.73222936  
17.94527411  
25.16379269  
99.10190076  
87.32197211  
110.2054846  
1.402305736  
14.19251943  
176.8845904  
40.33614334  
0.4481473433  
87.26059835  
88.7677476  
9.644766456  
30.35993698  
1.352311153  
233.5966239  
78.93957455  
126.0375508  
131.0310355  
32.06680604  
202.0357552  
53.9448257  
350.1163476  
10.81649453  
186.3831292  
281.7398476  
397.1776493  
273.3071903  
16.82569611  
11.42324338  
67.07237555  
59.24562674  
91.33863313  
323.3719369  
65.43578729  
380.2865934  
53.59315562  
5.150109253  
77.53147862  
57.42491013  
79.87434274  
58.70774505  
127.7109968  
170.1640012  
6.812389491  
30.21416799  
135.8507018  
41.48734419  
74.16989252  
4.474273618  
172.8341061  
35.95668231  
22.16555149  
37.36192161  
20.17785606  
39.14143273  
67.96825237  
110.0215855  
14.47727442  
52.25009957  
42.93578923  
56.13960966  
1.221651067  
21.7082751  
80.87210749  
32.97459493  
40.72042253  
19.343712  
1.113730022  
33.34893922  
15.04727333  
33.72922341  
42.0833019  
45.89283671  
25.82981684  
20.07729832  
4.465082473  
15.46089291  
3.439490668  
7.774285092  
19.74066162  
8.787038666  
7.423662162  
2.958399457  
10.0168024  
41.16232136  
30.07289862  
11.66884182  
31.5919302  
18.0880857  
4.436306409  
28.44840447  
0.5132935479  
29.61453595  
1.317281199  
43.87491546  
8.989768277  
6.058630626  
0.1610350677  
66.95224981  
7.499864843  
20.29205974  
3.340288992  
