68314.87364  
56503.41526  
13632.93947  
7045.569603  
5353.587303  
6933.406069  
190.5722321  
432.8877949  
1293.275538  
714.9119338  
41.23894889  
295.2233265  
778.2623766  
460.4438542  
93.66977926  
146.0591178  
835.9709793  
460.7948365  
406.2940345  
33.3799097  
18.22852153  
18.44971268  
629.6649934  
739.8589101  
758.0256482  
39.46301157  
574.3046763  
297.7512061  
997.4075316  
33.92620472  
89.37299275  
175.8742644  
155.6465619  
375.0265853  
481.6798421  
249.7406886  
228.9243355  
58.41597935  
120.5228749  
181.5396433  
15.12579412  
6.410481316  
15.38589293  
19.48838141  
27.56963492  
215.5919437  
150.9255168  
308.4064981  
271.955635  
21.39249988  
50.81589525  
244.2652132  
43.18036645  
40.52291523  
69.84921262  
5.777799599  
12.14418552  
89.47109648  
66.43442537  
259.8849382  
262.3488672  
72.72362893  
71.40725986  
33.53464029  
120.2636944  
32.80058624  
9.632039076  
404.1584217  
209.8163263  
16.9031258  
30.91309665  
99.52366457  
141.4742183  
45.37210978  
76.2080892  
376.2751722  
228.2032241  
11.37851673  
19.49046565  
197.7364587  
24.9051417  
84.32837749  
35.80626834  
30.47435639  
25.43972657  
99.47247296  
86.67993132  
32.30177841  
52.55559828  
54.37777627  
52.6290098  
25.18604886  
36.82581802  
20.51181846  
77.49967982  
49.75603559  
15.35387302  
6.999337001  
37.81175046  
25.58307042  
28.5034732  
55.98004797  
11.24973116  
20.14755033  
15.07898722  
44.29857994  
21.34957762  
112.9875543  
40.4597659  
10.13604753  
31.12418343  
44.44471345  
20.98901707  
13.16411876  
13.5254698  
70.81514849  
4.973612364  
29.47347071  
95.04158967  
111.647051  
64.75640797  
21.55228881  
21.02879026  
33.47028682  
71.00557804  
43.70795266  
9.595629723  
18.71938208  
49.23334495  
2.902005577  
4.234454432  
4.656547599  
55.92204968  
27.16284716  
80.077833  
43.6713239  
16.80671724  
43.31334111  
19.25265748  
40.03265214  
1.430932135  
10.82034396  
2.004658172  
12.8299061  
4.557555225  
2.050506498  
0.6143850595  
29.44138893  
16.61067558  
6.677607892  
35.8934419  
65.2516304  
21.9079567  
39.27339982  
25.79749972  
2.17523776  
2.687962  
1.506158415  
38.29814706  
7.752544144  
8.521665645  
6.206114401  
1.290059676  
22.41866201  
26.54897848  
64.21081145  
30.66819942  
36.23634566  
23.42529723  
6.935577537  
28.53020096  
7.437966328  
5.334680523  
32.65224035  
37.16181885  
3.927124008  
8.667014644  
9.512385807  
4.929359288  
12.91233605  
29.95607964  
0.4932693748  
0.02471638499  
9.972410352  
12.71269803  
1.218229578  
6.734568819  
9.131563958  
24.41575181  
8.260312186  
2.651109361  
19.92152882  
46.52651308  
43.63854507  
15.167531  
15.2115892  
4.226084204  
23.9045829  
11.34560403  
28.4600361  
19.44666236  
2.638492986  
2.032736035  
7.691662828  
17.85984324  
11.35247304  
3.509937007  
110.4377915  
28.94388641  
19.68890404  
18.77287258  
13.3283516  
3.127996188  
21.85668947  
9.870358672  
10.8983757  
1.098521227  
18.93443221  
63.24871578  
55.44213969  
74.06257408  
5.053086585  
1.628179877  
108.7626446  
181.8841764  
62.34390094  
0.5835360981  
16.55042996  
6.146446628  
2.958482897  
28.67478282  
10.47849217  
89.86548476  
19.55944679  
59.50262725  
15.00033876  
15.48013889  
1.136636217  
11.69268389  
12.75594838  
83.51834009  
9.999218741  
11.02157263  
57.89449026  
9.528263122  
41.1108319  
16.50456994  
96.0538945  
19.94827211  
14.50725548  
4.284590754  
0.6643915623  
11.86813569  
8.333600274  
57.09358875  
2.562173811  
26.89514503  
10.3312277  
36.91707763  
4.748057651  
11.30661351  
5.766698085  
18.93508974  
15.11743696  
28.92454508  
4.52478266  
15.90865291  
0.1032205978  
29.97674395  
12.78131775  
2.784788819  
3.96595779  
13.54901967  
0.3604202832  
10.89494125  
0.2897841423  
0.494739849  
22.70935304  
1.412855744  
9.26091356  
8.598968632  
1.780192398  
0.759185942  
11.01822758  
7.888764001  
11.0588643  
5.032570639  
0.07019687832  
11.72400893  
7.800313991  
0.4763584037  
7.169265796  
7.33233334  
10.83080496  
9.654434295  
13.91137109  
29.99247909  
1.900739922  
7.866197212  
5.095982088  
