84834.00426  
35639.6921  
7895.203747  
6585.552665  
4070.514554  
2951.794724  
3613.668196  
2122.204632  
4212.562945  
3129.030423  
1306.773707  
1908.987701  
730.06773  
1458.480659  
63.36804457  
255.3313517  
642.13327  
423.7056017  
737.9244513  
162.1639688  
166.5943316  
185.2180895  
175.2413152  
123.8293675  
429.3670113  
239.7928897  
231.7829951  
145.6277778  
284.8545661  
233.1719609  
368.3730664  
260.117554  
117.8362477  
151.2759781  
185.6287857  
190.4508633  
298.0355804  
9.75256222  
55.05066267  
62.99428586  
114.8606435  
31.32681475  
116.070041  
316.6436635  
188.6524185  
3.322129269  
80.9333246  
127.0924204  
559.8611569  
10.66427482  
283.932024  
101.3465901  
108.6228816  
126.9373851  
108.2322012  
110.0711522  
166.3395015  
55.13783672  
66.71248066  
2.64162606  
49.08101748  
102.0625585  
50.3057539  
442.6024741  
137.230667  
65.66697238  
18.50515991  
52.79941892  
25.98101974  
6.051361918  
19.06949722  
134.3066694  
4.409496441  
46.24118825  
109.051504  
41.58581171  
21.98996646  
20.24227653  
160.1103477  
10.63279125  
4.324715727  
16.76363971  
35.85522656  
22.01098804  
311.2985521  
219.6479248  
44.22691995  
1.368086453  
115.4648229  
3.733416946  
12.54276436  
10.99356758  
136.0348709  
24.34973074  
0.03716051627  
68.20339535  
136.4304932  
68.25936298  
36.00902369  
106.8891226  
66.7967657  
17.27869104  
18.35925374  
0.9889082005  
10.23386404  
77.20511751  
87.48278621  
28.63144131  
63.32900623  
11.47721269  
31.07768607  
33.30028024  
19.86155455  
56.88258996  
76.96865042  
10.18149363  
23.17515037  
4.212663096  
14.9956971  
7.369928315  
6.821177264  
24.60754003  
74.26664365  
22.5010303  
6.016633165  
35.56283462  
1.102341504  
97.46675169  
74.54923514  
16.95949113  
52.1890321  
9.01733111  
105.864437  
123.0481166  
7.200318221  
20.51247171  
55.2874706  
11.18811435  
21.748367  
195.1864198  
47.70137497  
39.13065417  
1.243213711  
69.75001057  
16.38950261  
0.4362219398  
11.46934006  
31.52508412  
26.4680869  
1.116366838  
21.71693423  
34.5852835  
38.39470262  
23.32903999  
4.934149869  
7.17806151  
39.89117138  
24.37557915  
2.311352212  
52.92315119  
10.91421581  
7.951043662  
4.103058378  
76.44067231  
107.4790311  
8.87116494  
6.377046188  
193.8304442  
7.532998545  
27.05320552  
0.4045794242  
8.635653236  
3.144000184  
115.0541622  
20.16160309  
4.197141363  
41.2955518  
62.31701352  
24.73162427  
69.31142317  
13.67503626  
21.74211245  
93.17192502  
22.91244979  
18.47164179  
14.09893639  
10.07515625  
139.8969362  
5.119922643  
11.92181088  
16.88594538  
101.725576  
13.34937056  
53.60756148  
9.108036649  
2.097839382  
3.468347086  
5.473074704  
33.05850721  
10.1208612  
14.48539259  
65.99323492  
84.87161152  
0.6049077691  
70.44642227  
118.2478697  
70.60048029  
38.29914651  
36.09615808  
12.63299906  
92.69446349  
10.31525758  
4.058424382  
49.59100559  
49.85426575  
49.93547974  
11.60332051  
13.86566372  
89.11244858  
9.532053342  
18.03609219  
85.75693072  
100.6246192  
137.6660674  
229.5709303  
13.51941282  
60.11218171  
124.3306433  
2.700385199  
97.77567251  
125.6911047  
54.52009673  
23.0340433  
41.34523767  
10.92561437  
85.28306945  
75.20988348  
56.98026461  
16.89216307  
80.14905042  
99.15532313  
19.7366999  
76.33987146  
203.7833157  
80.14066285  
2.959383412  
26.80632624  
45.92057547  
3.947747725  
109.2010614  
25.53548568  
3.087324881  
30.17574173  
16.56604597  
5.918425025  
33.72412999  
99.24583544  
0.4453176556  
35.10529316  
21.24340369  
118.8955867  
3.875135049  
23.87649426  
12.77638058  
12.17023535  
80.00145861  
43.41938524  
12.22327979  
30.309796  
24.67223524  
67.12185247  
10.64172596  
37.148594  
1.306491904  
22.05430231  
4.388950687  
0.766898775  
62.91985751  
38.72562235  
32.89453222  
52.32436344  
7.007966874  
13.00450113  
36.90810638  
36.54932432  
9.842261039  
2.415199721  
16.12285017  
13.85490337  
13.20428018  
6.618170641  
5.19559812  
10.735758  
14.46476654  
19.13001481  
42.22682779  
7.021717054  
22.20017599  
13.26950377  
0.4429533061  
