93014.78746  
9299.706182  
19459.01323  
11476.62853  
4934.20582  
1364.357384  
2628.951808  
8067.371228  
521.5055129  
206.8430663  
5232.952341  
967.9734097  
846.3735856  
194.4987168  
504.9008592  
375.2734385  
655.9416944  
401.3986815  
67.45701137  
639.0278045  
931.0436195  
895.3689716  
204.0019394  
783.7800144  
719.82325  
885.2104265  
225.3356272  
103.195842  
364.0238771  
508.9104725  
21.06633101  
330.6187899  
638.175639  
558.4803546  
191.4287311  
10.81135052  
341.3773928  
193.5335346  
14.79259813  
106.4624634  
396.2106056  
433.5803116  
675.9816826  
171.7179123  
39.63517504  
167.295481  
219.1726782  
17.83385713  
281.5554335  
281.8587033  
672.1659557  
178.9285407  
178.4194262  
976.5326327  
106.5122836  
93.80654434  
361.3514986  
37.01533154  
384.6654574  
11.48723774  
161.7536563  
261.6481797  
86.1797097  
67.08457794  
47.31737556  
8.08814201  
54.79798375  
117.2821791  
4.348728807  
51.7262863  
79.07502951  
304.6088047  
171.6711407  
39.89177435  
62.5580028  
229.0633827  
14.17283721  
2.191376235  
30.06827303  
73.0118917  
34.81932234  
66.3796519  
29.82461197  
89.29860758  
116.7203661  
45.10761158  
4.367427338  
35.83033875  
34.42270333  
4.521225023  
19.85107498  
15.78352527  
25.91147937  
23.1315573  
106.6179072  
35.03944816  
8.633944595  
43.55071172  
81.14850434  
16.58080721  
9.290427994  
27.74461834  
15.29205659  
0.8983186514  
87.27335081  
54.10707444  
27.53952573  
17.17006952  
2.001569549  
75.43715924  
43.26017149  
23.63954967  
36.22937244  
4.435588128  
25.09810823  
37.25297727  
26.4135728  
6.453143177  
2.455527033  
24.88393344  
37.59002713  
19.82470707  
2.151848355  
23.99635871  
61.7436217  
5.944593805  
8.734269623  
26.16938064  
18.13008877  
4.309885884  
23.69340375  
1.704679172  
16.03035434  
11.57127351  
14.67533476  
6.004745607  
33.65708616  
40.0678953  
1.967077693  
4.318651769  
9.656870787  
39.16132706  
15.58716921  
4.670805051  
11.41720477  
42.31996729  
23.65262409  
14.92034903  
8.69899047  
24.35655112  
24.5919045  
8.903200113  
0.872715457  
8.401974587  
0.1563362863  
24.54050163  
8.360074623  
13.51429343  
9.636927531  
12.82911981  
16.17370339  
25.71229954  
2.152449918  
10.71337216  
0.9863504205  
17.69326532  
50.52953771  
23.35120755  
7.116167551  
2.871694003  
23.85102569  
36.53004254  
6.391594308  
0.2016516762  
1.152247581  
19.08855454  
12.80147259  
8.890038043  
8.093422291  
36.79923223  
13.88113409  
18.71651653  
18.2516896  
18.49591701  
10.04785706  
12.06800257  
1.214569855  
2.137212054  
7.787220448  
31.34662344  
9.450948587  
8.166824534  
8.139753815  
13.15675468  
10.4840826  
7.384388538  
13.05257346  
13.39285604  
24.08372699  
4.283752294  
2.858545864  
3.858471696  
3.233805569  
9.706704971  
2.725710163  
1.959049779  
12.41681181  
33.03726389  
3.783988258  
13.26577783  
1.087332977  
7.243909552  
2.459092112  
8.961582136  
25.70681792  
10.45922187  
6.738521617  
10.93141303  
36.59009093  
31.37631845  
19.26510033  
8.898599757  
0.8833362057  
2.305627967  
1.599370155  
5.262377619  
28.99946764  
29.78832686  
9.355919755  
16.45917522  
6.479037141  
4.17754078  
9.566294642  
3.780583989  
18.96525016  
16.75293204  
0.3038610843  
12.93996522  
5.396583053  
13.25802523  
10.72942335  
12.41706166  
8.727596988  
18.10840219  
26.1259757  
10.42806101  
0.8526688096  
0.7016316404  
17.38596891  
20.4556161  
9.383516435  
21.86409656  
4.783283425  
11.11420373  
0.2787351947  
0.6762932695  
3.207377088  
10.47479131  
7.345921765  
15.94854495  
5.636314713  
15.7260613  
4.297337581  
1.140951771  
2.353895934  
8.125733177  
7.228914526  
10.76149825  
1.136170258  
0.2826850572  
19.90700356  
9.753520477  
6.646148475  
21.43355356  
5.299446903  
6.317963812  
5.684602728  
5.912694556  
6.264610429  
8.304316764  
8.607191904  
4.680457031  
5.277901821  
15.72774876  
4.399280278  
3.883221576  
2.07114953  
13.84107446  
6.599557906  
16.18619852  
6.974308763  
1.383622799  
15.50815073  
6.522865392  
5.685726423  
4.338513892  
2.105467006  
12.86146917  
8.586205283  
0.4631238075  
